# Force coefficients
# liftDir     : (0.000000e+00 1.000000e+00 0.000000e+00)
# dragDir     : (1.000000e+00 0.000000e+00 0.000000e+00)
# pitchAxis   : (0.000000e+00 1.000000e+00 0.000000e+00)
# magUInf     : 1.000000e+00
# lRef        : 1.000000e+00
# Aref        : 1.000000e+00
# CofR        : (3.000000e+00 3.000000e+00 0.000000e+00)
# Time        	Cm            	Cd            	Cl            	Cl(f)         	Cl(r)         
0             	0.000000e+00	0.000000e+00	0.000000e+00	0.000000e+00	0.000000e+00
0.024         	1.073257e+02	2.153847e+02	2.005066e-01	1.074259e+02	-1.072254e+02
0.0246088     	1.292463e+02	2.584373e+02	-1.264592e+00	1.286140e+02	-1.298786e+02
0.0253394     	-3.959019e+01	-8.056320e+01	1.929890e+00	-3.862525e+01	4.055514e+01
0.0262162     	-1.018336e+01	-2.067576e+01	-3.979500e-01	-1.038234e+01	9.984388e+00
0.0272452     	3.411574e-01	1.149117e-01	-2.290586e-01	2.266281e-01	-4.556867e-01
0.0283552     	2.399780e+00	4.356486e+00	-8.023079e-02	2.359665e+00	-2.439896e+00
0.0294459     	1.733275e-01	1.039449e-01	-2.068754e-01	6.988978e-02	-2.767652e-01
0.0307074     	2.479339e-01	3.951501e-01	1.755605e-02	2.567119e-01	-2.391558e-01
0.0321792     	1.643561e-01	2.868102e-01	2.885829e-02	1.787852e-01	-1.499269e-01
0.0339038     	1.900420e-01	3.651793e-01	1.826453e-02	1.991743e-01	-1.809098e-01
0.0359732     	1.345865e-01	2.663395e-01	-6.371094e-03	1.314010e-01	-1.377721e-01
0.0384466     	9.637925e-02	1.915551e-01	-5.021426e-03	9.386854e-02	-9.888996e-02
0.0410098     	1.955961e-02	4.066193e-02	3.206752e-03	2.116298e-02	-1.795623e-02
0.0435782     	1.987655e-02	4.024526e-02	1.731630e-03	2.074237e-02	-1.901074e-02
0.0461683     	4.218296e-03	9.788919e-03	1.430176e-03	4.933384e-03	-3.503208e-03
0.0487962     	-4.444500e-03	-7.127099e-03	1.488180e-03	-3.700410e-03	5.188591e-03
0.0514167     	6.256377e-04	2.552055e-03	8.308648e-04	1.041070e-03	-2.102053e-04
0.0540415     	5.354465e-03	1.219429e-02	2.559041e-03	6.633985e-03	-4.074944e-03
0.0567055     	6.363216e-03	1.347858e-02	1.293093e-04	6.427871e-03	-6.298562e-03
0.0594318     	1.876550e-02	3.798679e-02	-3.001346e-04	1.861544e-02	-1.891557e-02
0.0621848     	2.604706e-02	5.317512e-02	4.865077e-03	2.847959e-02	-2.361452e-02
0.0649152     	3.621224e-02	7.349148e-02	2.433627e-03	3.742905e-02	-3.499542e-02
0.0676361     	3.824048e-02	7.726986e-02	1.941912e-03	3.921144e-02	-3.726953e-02
0.0703458     	3.782657e-02	7.619091e-02	2.523540e-03	3.908834e-02	-3.656480e-02
0.073057      	4.680910e-02	9.419025e-02	1.246117e-03	4.743216e-02	-4.618604e-02
0.0757819     	5.655178e-02	1.132441e-01	2.568410e-03	5.783599e-02	-5.526758e-02
0.0785308     	5.244152e-02	1.048568e-01	2.014834e-03	5.344894e-02	-5.143410e-02
0.0813123     	5.285515e-02	1.059935e-01	1.480652e-03	5.359548e-02	-5.211482e-02
0.0841332     	5.072864e-02	1.014631e-01	1.942261e-03	5.169977e-02	-4.975751e-02
0.0869997     	5.077855e-02	1.014948e-01	1.608583e-03	5.158284e-02	-4.997425e-02
0.0899168     	4.867474e-02	9.740434e-02	2.571325e-04	4.880331e-02	-4.854618e-02
0.0928886     	4.492031e-02	8.975451e-02	1.193848e-03	4.551723e-02	-4.432339e-02
0.0959065     	4.684779e-02	9.375518e-02	1.612286e-03	4.765394e-02	-4.604165e-02
0.0989249     	4.720311e-02	9.471436e-02	1.674797e-03	4.804051e-02	-4.636571e-02
0.10195       	4.667576e-02	9.348164e-02	1.016830e-03	4.718418e-02	-4.616735e-02
0.104987      	4.648846e-02	9.296158e-02	8.672064e-04	4.692207e-02	-4.605486e-02
0.108038      	4.618909e-02	9.243058e-02	9.053459e-04	4.664177e-02	-4.573642e-02
0.111095      	4.553940e-02	9.132400e-02	1.344238e-03	4.621152e-02	-4.486728e-02
0.114164      	4.686719e-02	9.390758e-02	1.052723e-03	4.739355e-02	-4.634083e-02
0.117251      	4.776872e-02	9.566245e-02	1.110512e-03	4.832398e-02	-4.721347e-02
0.12036       	4.890688e-02	9.781417e-02	-1.655164e-04	4.882413e-02	-4.898964e-02
0.123497      	5.017787e-02	1.002903e-01	1.344619e-03	5.085018e-02	-4.950556e-02
0.126663      	5.084129e-02	1.017343e-01	1.258760e-03	5.147067e-02	-5.021191e-02
0.129849      	5.203564e-02	1.041607e-01	1.256733e-03	5.266401e-02	-5.140728e-02
0.133061      	5.338356e-02	1.069056e-01	1.119722e-03	5.394342e-02	-5.282370e-02
0.136305      	5.351846e-02	1.071286e-01	1.213341e-03	5.412513e-02	-5.291179e-02
0.139583      	5.447913e-02	1.090544e-01	4.019488e-04	5.468010e-02	-5.427815e-02
0.1429        	5.562054e-02	1.112970e-01	1.374490e-03	5.630779e-02	-5.493330e-02
0.146258      	5.652332e-02	1.130930e-01	1.266009e-03	5.715633e-02	-5.589032e-02
0.149624      	5.715608e-02	1.145013e-01	1.195318e-03	5.775374e-02	-5.655842e-02
0.15297       	5.817553e-02	1.165677e-01	1.053700e-03	5.870238e-02	-5.764868e-02
0.156299      	5.853382e-02	1.172631e-01	1.156699e-03	5.911217e-02	-5.795547e-02
0.159613      	5.914014e-02	1.184991e-01	1.241276e-03	5.976078e-02	-5.851950e-02
0.162916      	6.013816e-02	1.204872e-01	1.149911e-03	6.071312e-02	-5.956321e-02
0.16621       	6.214286e-02	1.244610e-01	1.524274e-03	6.290500e-02	-6.138073e-02
0.1695        	6.289237e-02	1.259662e-01	1.501668e-03	6.364320e-02	-6.214153e-02
0.172777      	6.364471e-02	1.275121e-01	1.635185e-03	6.446230e-02	-6.282711e-02
0.176031      	6.442929e-02	1.290729e-01	1.362512e-03	6.511055e-02	-6.374804e-02
0.17926       	6.557446e-02	1.313782e-01	1.370033e-03	6.625948e-02	-6.488944e-02
0.182466      	6.636303e-02	1.328620e-01	1.106053e-03	6.691605e-02	-6.581000e-02
0.185648      	6.686225e-02	1.338913e-01	1.208745e-03	6.746662e-02	-6.625788e-02
0.188806      	6.760611e-02	1.352980e-01	1.459354e-03	6.833579e-02	-6.687643e-02
0.191941      	6.824659e-02	1.367179e-01	1.258591e-03	6.887589e-02	-6.761730e-02
0.195052      	6.928179e-02	1.389208e-01	9.560348e-04	6.975981e-02	-6.880377e-02
0.198139      	7.061298e-02	1.415078e-01	1.353473e-03	7.128971e-02	-6.993624e-02
0.201204      	7.194765e-02	1.441757e-01	1.103590e-03	7.249945e-02	-7.139586e-02
0.204246      	7.301331e-02	1.463515e-01	1.244477e-03	7.363555e-02	-7.239108e-02
0.207267      	7.414656e-02	1.485950e-01	1.038727e-03	7.466593e-02	-7.362720e-02
0.210267      	7.500461e-02	1.502837e-01	1.261796e-03	7.563550e-02	-7.437371e-02
0.213247      	7.590725e-02	1.520544e-01	1.122879e-03	7.646869e-02	-7.534581e-02
0.216209      	7.679349e-02	1.538365e-01	1.164596e-03	7.737579e-02	-7.621120e-02
0.219153      	7.775816e-02	1.557429e-01	1.264635e-03	7.839048e-02	-7.712584e-02
0.222082      	7.858648e-02	1.574321e-01	1.004090e-03	7.908853e-02	-7.808444e-02
0.224996      	7.968888e-02	1.596148e-01	1.176627e-03	8.027719e-02	-7.910057e-02
0.227897      	8.056292e-02	1.614139e-01	1.068783e-03	8.109732e-02	-8.002853e-02
0.230786      	8.147565e-02	1.632048e-01	1.083287e-03	8.201729e-02	-8.093400e-02
0.233666      	8.226702e-02	1.648031e-01	1.042972e-03	8.278851e-02	-8.174554e-02
0.236538      	8.318010e-02	1.666382e-01	1.000223e-03	8.368021e-02	-8.267998e-02
0.239402      	8.406305e-02	1.684034e-01	9.659201e-04	8.454601e-02	-8.358009e-02
0.242262      	8.488432e-02	1.700277e-01	1.084604e-03	8.542662e-02	-8.434202e-02
0.245117      	8.592263e-02	1.721143e-01	1.086102e-03	8.646568e-02	-8.537957e-02
0.247969      	8.701837e-02	1.743368e-01	1.035622e-03	8.753619e-02	-8.650056e-02
0.25082       	8.792486e-02	1.761620e-01	1.100913e-03	8.847532e-02	-8.737441e-02
0.253671      	8.849304e-02	1.773102e-01	8.098104e-04	8.889794e-02	-8.808813e-02
0.256521      	8.931911e-02	1.789362e-01	1.068974e-03	8.985360e-02	-8.878462e-02
0.259373      	9.053610e-02	1.813122e-01	1.192049e-03	9.113212e-02	-8.994007e-02
0.262218      	9.159311e-02	1.834429e-01	9.434855e-04	9.206485e-02	-9.112137e-02
0.265049      	9.276451e-02	1.858005e-01	1.031896e-03	9.328046e-02	-9.224856e-02
0.267866      	9.366817e-02	1.876522e-01	9.465452e-04	9.414145e-02	-9.319490e-02
0.270672      	9.439368e-02	1.890889e-01	9.190085e-04	9.485318e-02	-9.393417e-02
0.273466      	9.521536e-02	1.907163e-01	1.001440e-03	9.571608e-02	-9.471464e-02
0.276251      	9.620653e-02	1.927639e-01	8.879974e-04	9.665053e-02	-9.576254e-02
0.279028      	9.735271e-02	1.950278e-01	1.098937e-03	9.790217e-02	-9.680324e-02
0.281797      	9.827226e-02	1.968305e-01	1.122315e-03	9.883342e-02	-9.771110e-02
0.28456       	9.910516e-02	1.984955e-01	9.599755e-04	9.958515e-02	-9.862518e-02
0.287319      	1.002315e-01	2.007402e-01	1.068550e-03	1.007658e-01	-9.969723e-02
0.290073      	1.011876e-01	2.025583e-01	1.045399e-03	1.017103e-01	-1.006649e-01
0.292825      	1.019269e-01	2.041663e-01	8.938844e-04	1.023738e-01	-1.014799e-01
0.295575      	1.030780e-01	2.065288e-01	9.385980e-04	1.035473e-01	-1.026087e-01
0.298324      	1.041369e-01	2.087197e-01	9.115186e-04	1.045927e-01	-1.036811e-01
0.301071      	1.050048e-01	2.103364e-01	9.804566e-04	1.054950e-01	-1.045146e-01
0.303807      	1.057763e-01	2.117749e-01	9.282864e-04	1.062405e-01	-1.053122e-01
0.306532      	1.064725e-01	2.131551e-01	7.289527e-04	1.068370e-01	-1.061081e-01
0.309248      	1.071374e-01	2.144721e-01	1.049778e-03	1.076623e-01	-1.066125e-01
0.311955      	1.082427e-01	2.168173e-01	6.411336e-04	1.085633e-01	-1.079222e-01
0.314654      	1.095929e-01	2.195518e-01	8.771441e-04	1.100315e-01	-1.091543e-01
0.317348      	1.105417e-01	2.214468e-01	8.400544e-04	1.109617e-01	-1.101216e-01
0.320035      	1.115078e-01	2.233699e-01	6.799834e-04	1.118478e-01	-1.111678e-01
0.322718      	1.123242e-01	2.249651e-01	7.483296e-04	1.126984e-01	-1.119500e-01
0.325398      	1.130977e-01	2.264018e-01	8.749439e-04	1.135352e-01	-1.126602e-01
0.328075      	1.141787e-01	2.286282e-01	8.001689e-04	1.145787e-01	-1.137786e-01
0.330751      	1.152029e-01	2.307303e-01	7.160695e-04	1.155609e-01	-1.148448e-01
0.333425      	1.159555e-01	2.322681e-01	8.121914e-04	1.163616e-01	-1.155494e-01
0.3361        	1.167934e-01	2.339247e-01	7.997402e-04	1.171933e-01	-1.163936e-01
0.338764      	1.178294e-01	2.359874e-01	7.054090e-04	1.181821e-01	-1.174767e-01
0.341417      	1.188698e-01	2.380825e-01	6.731916e-04	1.192064e-01	-1.185332e-01
0.34406       	1.199076e-01	2.401976e-01	7.550429e-04	1.202851e-01	-1.195301e-01
0.346695      	1.209839e-01	2.423656e-01	7.036723e-04	1.213358e-01	-1.206321e-01
0.349323      	1.221602e-01	2.447460e-01	5.535457e-04	1.224370e-01	-1.218834e-01
0.351943      	1.230989e-01	2.465262e-01	9.021425e-04	1.235500e-01	-1.226479e-01
0.354557      	1.235660e-01	2.471825e-01	7.186665e-04	1.239253e-01	-1.232066e-01
0.357159      	1.240794e-01	2.482839e-01	6.550079e-04	1.244069e-01	-1.237519e-01
0.359748      	1.248707e-01	2.500830e-01	6.005093e-04	1.251710e-01	-1.245705e-01
0.362325      	1.258694e-01	2.520000e-01	7.778347e-04	1.262583e-01	-1.254805e-01
0.36489       	1.266690e-01	2.537940e-01	6.789034e-04	1.270085e-01	-1.263296e-01
0.367444      	1.278175e-01	2.560079e-01	6.181614e-04	1.281266e-01	-1.275084e-01
0.369987      	1.283424e-01	2.570573e-01	7.445119e-04	1.287147e-01	-1.279702e-01
0.372518      	1.294542e-01	2.592329e-01	6.473215e-04	1.297778e-01	-1.291305e-01
0.37504       	1.303662e-01	2.610964e-01	5.983339e-04	1.306654e-01	-1.300670e-01
0.377552      	1.311862e-01	2.627152e-01	4.682835e-04	1.314203e-01	-1.309520e-01
0.380054      	1.320561e-01	2.645058e-01	5.879999e-04	1.323501e-01	-1.317621e-01
0.382548      	1.329513e-01	2.662847e-01	8.118589e-04	1.333572e-01	-1.325453e-01
0.385033      	1.338555e-01	2.680742e-01	5.846712e-04	1.341478e-01	-1.335631e-01
0.38751       	1.346427e-01	2.697357e-01	5.274535e-04	1.349064e-01	-1.343789e-01
0.38998       	1.357837e-01	2.720359e-01	6.306538e-04	1.360990e-01	-1.354684e-01
0.392442      	1.369472e-01	2.742637e-01	7.476980e-04	1.373210e-01	-1.365733e-01
0.394898      	1.382332e-01	2.767580e-01	2.601846e-04	1.383633e-01	-1.381031e-01
0.397349      	1.386629e-01	2.775992e-01	4.228296e-04	1.388743e-01	-1.384515e-01
0.399793      	1.387963e-01	2.778477e-01	5.331329e-04	1.390629e-01	-1.385297e-01
0.402233      	1.395562e-01	2.795163e-01	4.238632e-04	1.397681e-01	-1.393442e-01
0.404668      	1.408249e-01	2.820945e-01	5.384880e-04	1.410942e-01	-1.405557e-01
0.407099      	1.418265e-01	2.839826e-01	6.101893e-04	1.421316e-01	-1.415214e-01
0.409526      	1.427248e-01	2.858336e-01	4.990488e-04	1.429743e-01	-1.424753e-01
0.411951      	1.437239e-01	2.877722e-01	3.201243e-04	1.438840e-01	-1.435639e-01
0.414373      	1.446669e-01	2.895720e-01	5.238020e-04	1.449288e-01	-1.444050e-01
0.416792      	1.454848e-01	2.913264e-01	4.013242e-04	1.456855e-01	-1.452841e-01
0.41921       	1.464026e-01	2.932609e-01	4.088724e-04	1.466070e-01	-1.461981e-01
0.421627      	1.471545e-01	2.946171e-01	6.550628e-04	1.474820e-01	-1.468270e-01
0.424043      	1.480480e-01	2.964427e-01	4.874442e-04	1.482917e-01	-1.478042e-01
0.426458      	1.488550e-01	2.980603e-01	1.995021e-04	1.489547e-01	-1.487552e-01
0.428871      	1.499161e-01	3.001817e-01	4.270329e-04	1.501297e-01	-1.497026e-01
0.431276      	1.508559e-01	3.021574e-01	5.030559e-04	1.511075e-01	-1.506044e-01
0.433675      	1.519217e-01	3.042503e-01	2.651481e-04	1.520543e-01	-1.517891e-01
0.436069      	1.527038e-01	3.056764e-01	3.786766e-04	1.528932e-01	-1.525145e-01
0.438456      	1.536302e-01	3.075750e-01	3.920109e-04	1.538262e-01	-1.534342e-01
0.440839      	1.545638e-01	3.095214e-01	2.503315e-04	1.546889e-01	-1.544386e-01
0.443217      	1.557274e-01	3.119234e-01	4.613032e-04	1.559580e-01	-1.554967e-01
0.44559       	1.563549e-01	3.131113e-01	2.516177e-04	1.564807e-01	-1.562291e-01
0.44796       	1.576800e-01	3.158361e-01	7.061040e-04	1.580330e-01	-1.573269e-01
0.450326      	1.587049e-01	3.177551e-01	3.654426e-04	1.588876e-01	-1.585221e-01
0.452689      	1.593887e-01	3.190726e-01	3.795515e-04	1.595785e-01	-1.591989e-01
0.45505       	1.601790e-01	3.206273e-01	2.733262e-04	1.603157e-01	-1.600424e-01
0.457408      	1.609699e-01	3.222682e-01	3.992351e-04	1.611695e-01	-1.607703e-01
0.459765      	1.619219e-01	3.241382e-01	1.425508e-04	1.619932e-01	-1.618506e-01
0.46212       	1.626241e-01	3.255778e-01	3.791384e-04	1.628136e-01	-1.624345e-01
0.464474      	1.635806e-01	3.275395e-01	3.442564e-04	1.637527e-01	-1.634085e-01
0.466828      	1.645883e-01	3.296046e-01	3.055306e-04	1.647411e-01	-1.644356e-01
0.469181      	1.657038e-01	3.319241e-01	2.087658e-04	1.658082e-01	-1.655995e-01
0.471534      	1.667955e-01	3.340401e-01	3.139861e-04	1.669525e-01	-1.666385e-01
0.473888      	1.678255e-01	3.360054e-01	2.421996e-04	1.679466e-01	-1.677044e-01
0.476243      	1.686375e-01	3.375459e-01	1.529475e-04	1.687140e-01	-1.685610e-01
0.478598      	1.694926e-01	3.392307e-01	2.704920e-04	1.696278e-01	-1.693574e-01
0.480955      	1.702863e-01	3.408580e-01	2.860689e-04	1.704293e-01	-1.701432e-01
0.483314      	1.712227e-01	3.428273e-01	4.088253e-04	1.714271e-01	-1.710183e-01
0.485674      	1.721127e-01	3.446954e-01	2.863344e-04	1.722558e-01	-1.719695e-01
0.488037      	1.731549e-01	3.468169e-01	7.094034e-05	1.731904e-01	-1.731194e-01
0.490402      	1.742646e-01	3.490209e-01	1.392720e-04	1.743342e-01	-1.741950e-01
0.492769      	1.755630e-01	3.516157e-01	1.908307e-04	1.756585e-01	-1.754676e-01
0.49514       	1.765436e-01	3.535646e-01	2.596535e-04	1.766734e-01	-1.764138e-01
0.497513      	1.775242e-01	3.555251e-01	1.266387e-04	1.775875e-01	-1.774609e-01
0.49989       	1.782489e-01	3.568685e-01	2.423352e-04	1.783701e-01	-1.781278e-01
0.50227       	1.790481e-01	3.584781e-01	3.317526e-04	1.792139e-01	-1.788822e-01
0.504653      	1.801451e-01	3.606538e-01	2.799536e-04	1.802851e-01	-1.800052e-01
0.507041      	1.810720e-01	3.625644e-01	-4.236671e-06	1.810698e-01	-1.810741e-01
0.509431      	1.819770e-01	3.644231e-01	1.252704e-04	1.820396e-01	-1.819143e-01
0.511826      	1.829923e-01	3.664520e-01	8.560322e-05	1.830351e-01	-1.829495e-01
0.514225      	1.840068e-01	3.684888e-01	2.406992e-04	1.841271e-01	-1.838864e-01
0.516627      	1.850520e-01	3.705532e-01	1.749671e-04	1.851395e-01	-1.849645e-01
0.519033      	1.860492e-01	3.725253e-01	1.622293e-04	1.861303e-01	-1.859681e-01
0.521444      	1.870079e-01	3.744317e-01	5.819073e-05	1.870370e-01	-1.869788e-01
0.523858      	1.879995e-01	3.764217e-01	-9.718255e-05	1.879509e-01	-1.880480e-01
0.526277      	1.889914e-01	3.784396e-01	4.555123e-05	1.890142e-01	-1.889686e-01
0.528699      	1.899405e-01	3.803882e-01	1.233682e-04	1.900022e-01	-1.898788e-01
0.531125      	1.911400e-01	3.827222e-01	-3.509326e-05	1.911224e-01	-1.911575e-01
0.533555      	1.922246e-01	3.849146e-01	6.349359e-05	1.922563e-01	-1.921928e-01
0.53599       	1.933117e-01	3.871017e-01	1.830212e-04	1.934032e-01	-1.932202e-01
0.538427      	1.944076e-01	3.892804e-01	-4.558875e-06	1.944053e-01	-1.944098e-01
0.540869      	1.955049e-01	3.914689e-01	6.614982e-05	1.955380e-01	-1.954718e-01
0.543314      	1.966011e-01	3.936628e-01	-3.042427e-06	1.965996e-01	-1.966026e-01
0.545763      	1.978391e-01	3.962759e-01	1.203315e-04	1.978993e-01	-1.977789e-01
0.548216      	1.988467e-01	3.979402e-01	-1.905145e-04	1.987515e-01	-1.989420e-01
0.550671      	1.989977e-01	3.984402e-01	-1.134322e-05	1.989920e-01	-1.990034e-01
0.55313       	2.000145e-01	4.005456e-01	-4.682545e-05	1.999911e-01	-2.000379e-01
0.555593      	2.011554e-01	4.028233e-01	-5.269670e-05	2.011291e-01	-2.011818e-01
0.558058      	2.021972e-01	4.048803e-01	2.748509e-05	2.022110e-01	-2.021835e-01
0.560526      	2.031767e-01	4.068724e-01	-2.319650e-05	2.031651e-01	-2.031883e-01
0.562997      	2.042671e-01	4.090981e-01	-7.059958e-05	2.042318e-01	-2.043024e-01
0.565471      	2.055668e-01	4.117893e-01	-4.338127e-06	2.055646e-01	-2.055689e-01
0.567947      	2.068805e-01	4.142927e-01	-2.446321e-04	2.067582e-01	-2.070028e-01
0.570426      	2.077581e-01	4.157800e-01	-9.994015e-05	2.077081e-01	-2.078080e-01
0.572907      	2.087588e-01	4.178269e-01	-7.381014e-06	2.087551e-01	-2.087625e-01
0.57539       	2.096133e-01	4.196863e-01	-8.818963e-05	2.095692e-01	-2.096574e-01
0.577875      	2.107037e-01	4.219137e-01	-2.038551e-04	2.106017e-01	-2.108056e-01
0.580363      	2.117833e-01	4.240598e-01	-8.012600e-05	2.117433e-01	-2.118234e-01
0.582852      	2.128685e-01	4.262087e-01	-1.335110e-04	2.128018e-01	-2.129353e-01
0.585343      	2.140395e-01	4.285856e-01	-1.537559e-04	2.139627e-01	-2.141164e-01
0.587835      	2.150934e-01	4.307173e-01	-1.171449e-04	2.150349e-01	-2.151520e-01
0.590329      	2.160033e-01	4.325707e-01	5.455145e-05	2.160306e-01	-2.159760e-01
0.592824      	2.171462e-01	4.348458e-01	-1.572271e-04	2.170676e-01	-2.172248e-01
0.595321      	2.182808e-01	4.370916e-01	-7.127035e-05	2.182452e-01	-2.183164e-01
0.597818      	2.194300e-01	4.393967e-01	-1.320986e-04	2.193640e-01	-2.194961e-01
0.600317      	2.205522e-01	4.416425e-01	-2.310642e-04	2.204367e-01	-2.206677e-01
0.602816      	2.216706e-01	4.438869e-01	-2.209013e-04	2.215602e-01	-2.217811e-01
0.605316      	2.227749e-01	4.461044e-01	-2.260030e-04	2.226619e-01	-2.228879e-01
0.607817      	2.238790e-01	4.483155e-01	-2.330529e-04	2.237625e-01	-2.239955e-01
0.610318      	2.249744e-01	4.505334e-01	-2.184734e-04	2.248652e-01	-2.250836e-01
0.61282       	2.260985e-01	4.527609e-01	-2.505167e-04	2.259733e-01	-2.262238e-01
0.615322      	2.271680e-01	4.549007e-01	-2.824907e-04	2.270268e-01	-2.273093e-01
0.617824      	2.283051e-01	4.570602e-01	-3.439061e-04	2.281331e-01	-2.284770e-01
0.620326      	2.294948e-01	4.593889e-01	-3.382917e-04	2.293257e-01	-2.296639e-01
0.622829      	2.305395e-01	4.614972e-01	-2.588581e-04	2.304101e-01	-2.306689e-01
0.625331      	2.312898e-01	4.630745e-01	-3.866270e-04	2.310964e-01	-2.314831e-01
0.627833      	2.320570e-01	4.646043e-01	-3.336558e-04	2.318901e-01	-2.322238e-01
0.630335      	2.330900e-01	4.666802e-01	-2.785328e-04	2.329507e-01	-2.332292e-01
0.632836      	2.341525e-01	4.688377e-01	-3.206006e-04	2.339922e-01	-2.343128e-01
0.635337      	2.352118e-01	4.709093e-01	-3.202598e-04	2.350517e-01	-2.353720e-01
0.637837      	2.362392e-01	4.729651e-01	-3.615728e-04	2.360584e-01	-2.364199e-01
0.640337      	2.373069e-01	4.751098e-01	-7.781857e-04	2.369178e-01	-2.376960e-01
0.642835      	2.383736e-01	4.773280e-01	-5.607920e-04	2.380932e-01	-2.386540e-01
0.645334      	2.394575e-01	4.795391e-01	-2.480794e-04	2.393334e-01	-2.395815e-01
0.647831      	2.405665e-01	4.817303e-01	-3.830916e-04	2.403749e-01	-2.407580e-01
0.650327      	2.414361e-01	4.833793e-01	-3.571649e-04	2.412575e-01	-2.416147e-01
0.652822      	2.423448e-01	4.851024e-01	-3.990358e-04	2.421453e-01	-2.425443e-01
0.655316      	2.433300e-01	4.869761e-01	-3.792108e-04	2.431404e-01	-2.435197e-01
0.65781       	2.444410e-01	4.892795e-01	-3.585236e-04	2.442617e-01	-2.446203e-01
0.660301      	2.455059e-01	4.915118e-01	-7.594773e-04	2.451261e-01	-2.458856e-01
0.662792      	2.467660e-01	4.939973e-01	-6.217148e-04	2.464551e-01	-2.470769e-01
0.665281      	2.476236e-01	4.957360e-01	-4.532467e-04	2.473969e-01	-2.478502e-01
0.667769      	2.484843e-01	4.974994e-01	-4.884203e-04	2.482401e-01	-2.487285e-01
0.670256      	2.496478e-01	5.000240e-01	-5.033232e-04	2.493961e-01	-2.498995e-01
0.672741      	2.510530e-01	5.028812e-01	-5.387283e-04	2.507836e-01	-2.513224e-01
0.675224      	2.524550e-01	5.055383e-01	-5.623938e-04	2.521738e-01	-2.527362e-01
0.677707      	2.536782e-01	5.079092e-01	-7.704297e-04	2.532930e-01	-2.540634e-01
0.680187      	2.547760e-01	5.102562e-01	-4.426365e-04	2.545547e-01	-2.549973e-01
0.682667      	2.560642e-01	5.127609e-01	-1.530123e-04	2.559877e-01	-2.561407e-01
0.685144      	2.572036e-01	5.149962e-01	-6.017982e-04	2.569027e-01	-2.575045e-01
0.68762       	2.583141e-01	5.172027e-01	-5.692507e-04	2.580295e-01	-2.585987e-01
0.690095      	2.593872e-01	5.193456e-01	-5.746752e-04	2.590998e-01	-2.596745e-01
0.692568      	2.604909e-01	5.215643e-01	-6.551748e-04	2.601633e-01	-2.608185e-01
0.69504       	2.615603e-01	5.237184e-01	-6.515462e-04	2.612345e-01	-2.618861e-01
0.697509      	2.626723e-01	5.259559e-01	-5.964380e-04	2.623740e-01	-2.629705e-01
0.699978      	2.637483e-01	5.281379e-01	-5.852891e-04	2.634557e-01	-2.640410e-01
0.702445      	2.648717e-01	5.303950e-01	-6.192864e-04	2.645620e-01	-2.651813e-01
0.70491       	2.659463e-01	5.325309e-01	-8.358303e-04	2.655284e-01	-2.663643e-01
0.707374      	2.669726e-01	5.345073e-01	-6.569628e-04	2.666441e-01	-2.673011e-01
0.709837      	2.680511e-01	5.366542e-01	-7.702773e-04	2.676660e-01	-2.684363e-01
0.712298      	2.691615e-01	5.389034e-01	-8.108847e-04	2.687561e-01	-2.695670e-01
0.714758      	2.702244e-01	5.410555e-01	-9.814458e-04	2.697337e-01	-2.707152e-01
0.717216      	2.712856e-01	5.432040e-01	-7.582989e-04	2.709064e-01	-2.716647e-01
0.719674      	2.725391e-01	5.457060e-01	-6.876220e-04	2.721953e-01	-2.728829e-01
0.722129      	2.735466e-01	5.477261e-01	-6.642678e-04	2.732145e-01	-2.738787e-01
0.724584      	2.743997e-01	5.494256e-01	-7.203771e-04	2.740396e-01	-2.747599e-01
0.727037      	2.754548e-01	5.515038e-01	-7.293410e-04	2.750901e-01	-2.758195e-01
0.72949       	2.765732e-01	5.537337e-01	-7.724818e-04	2.761870e-01	-2.769595e-01
0.731941      	2.778767e-01	5.564165e-01	-7.837713e-04	2.774848e-01	-2.782686e-01
0.734391      	2.790201e-01	5.588064e-01	-8.842444e-04	2.785779e-01	-2.794622e-01
0.73684       	2.801315e-01	5.610047e-01	-8.439910e-04	2.797095e-01	-2.805535e-01
0.739288      	2.811064e-01	5.629636e-01	-7.744167e-04	2.807192e-01	-2.814936e-01
0.741735      	2.822444e-01	5.652193e-01	-7.879661e-04	2.818504e-01	-2.826384e-01
0.744182      	2.834874e-01	5.676618e-01	-8.071042e-04	2.830839e-01	-2.838910e-01
0.746628      	2.845932e-01	5.698937e-01	-7.253231e-04	2.842306e-01	-2.849559e-01
0.749073      	2.855733e-01	5.718211e-01	-7.253898e-04	2.852106e-01	-2.859360e-01
0.751517      	2.866558e-01	5.739765e-01	-8.722799e-04	2.862196e-01	-2.870919e-01
0.753961      	2.877870e-01	5.762419e-01	-9.008479e-04	2.873366e-01	-2.882375e-01
0.756404      	2.889356e-01	5.785252e-01	-7.957771e-04	2.885377e-01	-2.893334e-01
0.758847      	2.899983e-01	5.806748e-01	-8.183714e-04	2.895891e-01	-2.904075e-01
0.761289      	2.910452e-01	5.828087e-01	-7.678457e-04	2.906612e-01	-2.914291e-01
0.763731      	2.921120e-01	5.849198e-01	-9.809646e-04	2.916216e-01	-2.926025e-01
0.766172      	2.932567e-01	5.871540e-01	-1.043810e-03	2.927347e-01	-2.937786e-01
0.768613      	2.942920e-01	5.892234e-01	-9.623825e-04	2.938108e-01	-2.947732e-01
0.771054      	2.955186e-01	5.917489e-01	-1.015647e-03	2.950108e-01	-2.960264e-01
0.773495      	2.967397e-01	5.941992e-01	-1.020297e-03	2.962295e-01	-2.972498e-01
0.775936      	2.978772e-01	5.964919e-01	-1.023507e-03	2.973655e-01	-2.983890e-01
0.778376      	2.990617e-01	5.988638e-01	-1.009341e-03	2.985570e-01	-2.995664e-01
0.780816      	3.002710e-01	6.013210e-01	-1.102272e-03	2.997199e-01	-3.008221e-01
0.783257      	3.014398e-01	6.036741e-01	-1.195830e-03	3.008418e-01	-3.020377e-01
0.785697      	3.025585e-01	6.057585e-01	-5.820306e-04	3.022675e-01	-3.028495e-01
0.788137      	3.038107e-01	6.082917e-01	-1.103812e-03	3.032588e-01	-3.043626e-01
0.790577      	3.050760e-01	6.108579e-01	-9.661469e-04	3.045930e-01	-3.055591e-01
0.793018      	3.062431e-01	6.132121e-01	-1.134579e-03	3.056759e-01	-3.068104e-01
0.795458      	3.073226e-01	6.152527e-01	-1.234358e-03	3.067055e-01	-3.079398e-01
0.797899      	3.084786e-01	6.176209e-01	-1.236471e-03	3.078604e-01	-3.090969e-01
0.800339      	3.095831e-01	6.199152e-01	-1.024733e-03	3.090707e-01	-3.100954e-01
0.80278       	3.109011e-01	6.225407e-01	-1.067446e-03	3.103674e-01	-3.114348e-01
0.805221      	3.121433e-01	6.250403e-01	-1.120068e-03	3.115833e-01	-3.127033e-01
0.807662      	3.132183e-01	6.270584e-01	-1.055216e-03	3.126907e-01	-3.137459e-01
0.810104      	3.140699e-01	6.287067e-01	-1.281594e-03	3.134291e-01	-3.147107e-01
0.812545      	3.152405e-01	6.310976e-01	-1.622869e-03	3.144291e-01	-3.160520e-01
0.814987      	3.162959e-01	6.334129e-01	-1.477978e-03	3.155570e-01	-3.170349e-01
0.817429      	3.175554e-01	6.359495e-01	-1.284950e-03	3.169130e-01	-3.181979e-01
0.819872      	3.186989e-01	6.382394e-01	-1.225127e-03	3.180863e-01	-3.193114e-01
0.822314      	3.199854e-01	6.407851e-01	-1.376372e-03	3.192972e-01	-3.206736e-01
0.824757      	3.211054e-01	6.430232e-01	-1.265952e-03	3.204724e-01	-3.217383e-01
0.8272        	3.222246e-01	6.452071e-01	-1.340450e-03	3.215544e-01	-3.228948e-01
0.829643      	3.234706e-01	6.476978e-01	-1.334255e-03	3.228035e-01	-3.241377e-01
0.832087      	3.245531e-01	6.498408e-01	-1.324100e-03	3.238910e-01	-3.252151e-01
0.83453       	3.257063e-01	6.521621e-01	-1.397557e-03	3.250075e-01	-3.264051e-01
0.836974      	3.268707e-01	6.544858e-01	-1.358362e-03	3.261915e-01	-3.275499e-01
0.839418      	3.280313e-01	6.567960e-01	-1.410036e-03	3.273263e-01	-3.287364e-01
0.841863      	3.291818e-01	6.591205e-01	-1.478762e-03	3.284425e-01	-3.299212e-01
0.844307      	3.304188e-01	6.616029e-01	-1.391608e-03	3.297230e-01	-3.311146e-01
0.846752      	3.317091e-01	6.642430e-01	-1.427114e-03	3.309956e-01	-3.324227e-01
0.849197      	3.330134e-01	6.668140e-01	-1.408206e-03	3.323093e-01	-3.337175e-01
0.851642      	3.340791e-01	6.688367e-01	-1.624282e-03	3.332670e-01	-3.348913e-01
0.854087      	3.349537e-01	6.705971e-01	-1.188257e-03	3.343596e-01	-3.355478e-01
0.856533      	3.359459e-01	6.726963e-01	-1.717141e-03	3.350873e-01	-3.368045e-01
0.858978      	3.372800e-01	6.753328e-01	-1.240304e-03	3.366598e-01	-3.379001e-01
0.861424      	3.384511e-01	6.776761e-01	-1.286112e-03	3.378081e-01	-3.390942e-01
0.86387       	3.396782e-01	6.801442e-01	-1.376463e-03	3.389900e-01	-3.403664e-01
0.866316      	3.409913e-01	6.827357e-01	-1.658770e-03	3.401619e-01	-3.418207e-01
0.868762      	3.421808e-01	6.851777e-01	-1.673635e-03	3.413440e-01	-3.430176e-01
0.871208      	3.433809e-01	6.876574e-01	-1.634713e-03	3.425635e-01	-3.441982e-01
0.873654      	3.444176e-01	6.896882e-01	-1.613835e-03	3.436107e-01	-3.452245e-01
0.8761        	3.456036e-01	6.919808e-01	-1.597458e-03	3.448048e-01	-3.464023e-01
0.878546      	3.466895e-01	6.940615e-01	-1.445611e-03	3.459667e-01	-3.474123e-01
0.880992      	3.478817e-01	6.964937e-01	-1.708157e-03	3.470276e-01	-3.487358e-01
0.883438      	3.490302e-01	6.988709e-01	-1.561548e-03	3.482494e-01	-3.498110e-01
0.885885      	3.503159e-01	7.013634e-01	-1.492170e-03	3.495698e-01	-3.510619e-01
0.888331      	3.514539e-01	7.036874e-01	-1.661290e-03	3.506232e-01	-3.522845e-01
0.890777      	3.523916e-01	7.055564e-01	-1.664873e-03	3.515591e-01	-3.532240e-01
0.893223      	3.535042e-01	7.077086e-01	-1.620541e-03	3.526939e-01	-3.543144e-01
0.895669      	3.545484e-01	7.098828e-01	-2.098591e-03	3.534991e-01	-3.555977e-01
0.898115      	3.556597e-01	7.121143e-01	-1.806595e-03	3.547564e-01	-3.565630e-01
0.900561      	3.568111e-01	7.143528e-01	-1.642449e-03	3.559899e-01	-3.576323e-01
0.903007      	3.580941e-01	7.170294e-01	-1.771761e-03	3.572082e-01	-3.589799e-01
0.905453      	3.591663e-01	7.191393e-01	-1.849424e-03	3.582415e-01	-3.600910e-01
0.907898      	3.602466e-01	7.213235e-01	-1.812980e-03	3.593401e-01	-3.611530e-01
0.910344      	3.614484e-01	7.237453e-01	-1.627568e-03	3.606346e-01	-3.622621e-01
0.912789      	3.626445e-01	7.261654e-01	-1.800661e-03	3.617442e-01	-3.635449e-01
0.915234      	3.638532e-01	7.285400e-01	-1.671088e-03	3.630176e-01	-3.646887e-01
0.91768       	3.647924e-01	7.304437e-01	-1.556353e-03	3.640143e-01	-3.655706e-01
0.920125      	3.660547e-01	7.329816e-01	-1.856539e-03	3.651264e-01	-3.669829e-01
0.92257       	3.674671e-01	7.358338e-01	-1.973232e-03	3.664805e-01	-3.684537e-01
0.925014      	3.686947e-01	7.383228e-01	-1.898424e-03	3.677455e-01	-3.696439e-01
0.927459      	3.700565e-01	7.410354e-01	-1.833541e-03	3.691397e-01	-3.709733e-01
0.929903      	3.710977e-01	7.431008e-01	-1.851573e-03	3.701719e-01	-3.720234e-01
0.932348      	3.723427e-01	7.455110e-01	-1.773580e-03	3.714559e-01	-3.732295e-01
0.934792      	3.734240e-01	7.476924e-01	-2.204986e-03	3.723216e-01	-3.745265e-01
0.937236      	3.745717e-01	7.499145e-01	-2.059814e-03	3.735418e-01	-3.756016e-01
0.939679      	3.758413e-01	7.523666e-01	-2.221726e-03	3.747305e-01	-3.769522e-01
0.942123      	3.769447e-01	7.546507e-01	-2.398844e-03	3.757452e-01	-3.781441e-01
0.944566      	3.779175e-01	7.565516e-01	-2.600284e-03	3.766173e-01	-3.792176e-01
0.947009      	3.787868e-01	7.583456e-01	-1.986919e-03	3.777934e-01	-3.797803e-01
0.949452      	3.797844e-01	7.604677e-01	-1.921641e-03	3.788236e-01	-3.807452e-01
0.951895      	3.809866e-01	7.628850e-01	-1.981124e-03	3.799960e-01	-3.819771e-01
0.954337      	3.821696e-01	7.652613e-01	-2.048420e-03	3.811454e-01	-3.831938e-01
0.95678       	3.833491e-01	7.675504e-01	-2.031989e-03	3.823331e-01	-3.843651e-01
0.959222      	3.845526e-01	7.699438e-01	-2.135997e-03	3.834846e-01	-3.856206e-01
0.961664      	3.855780e-01	7.719483e-01	-2.222529e-03	3.844667e-01	-3.866892e-01
0.964105      	3.867055e-01	7.742513e-01	-2.130038e-03	3.856405e-01	-3.877705e-01
0.966547      	3.879031e-01	7.767118e-01	-2.156721e-03	3.868248e-01	-3.889815e-01
0.968988      	3.889452e-01	7.788520e-01	-2.229618e-03	3.878303e-01	-3.900600e-01
0.971429      	3.901340e-01	7.812339e-01	-2.301480e-03	3.889833e-01	-3.912847e-01
0.973869      	3.912832e-01	7.835624e-01	-2.162888e-03	3.902018e-01	-3.923646e-01
0.97631       	3.923096e-01	7.856016e-01	-2.112535e-03	3.912534e-01	-3.933659e-01
0.97875       	3.936017e-01	7.881401e-01	-1.992342e-03	3.926055e-01	-3.945978e-01
0.98119       	3.949818e-01	7.909260e-01	-2.419695e-03	3.937719e-01	-3.961916e-01
0.98363       	3.958044e-01	7.925026e-01	-2.308844e-03	3.946500e-01	-3.969588e-01
0.98607       	3.970392e-01	7.948710e-01	-2.189288e-03	3.959446e-01	-3.981338e-01
0.988509      	3.981035e-01	7.970631e-01	-2.467790e-03	3.968696e-01	-3.993374e-01
0.990948      	3.991856e-01	7.992417e-01	-2.402120e-03	3.979846e-01	-4.003867e-01
0.993387      	4.002492e-01	8.013970e-01	-2.368886e-03	3.990647e-01	-4.014336e-01
0.995826      	4.013552e-01	8.036221e-01	-2.344381e-03	4.001830e-01	-4.025273e-01
0.998264      	4.026305e-01	8.062337e-01	-2.375801e-03	4.014426e-01	-4.038184e-01
1.000702      	4.038988e-01	8.087223e-01	-2.371701e-03	4.027129e-01	-4.050846e-01
1.00314       	4.050121e-01	8.109582e-01	-2.558452e-03	4.037329e-01	-4.062913e-01
1.005578      	4.059309e-01	8.127524e-01	-2.443294e-03	4.047092e-01	-4.071525e-01
1.008016      	4.069756e-01	8.148391e-01	-2.467230e-03	4.057420e-01	-4.082092e-01
1.010453      	4.080731e-01	8.170621e-01	-2.421920e-03	4.068622e-01	-4.092841e-01
1.01289       	4.091828e-01	8.192955e-01	-2.524593e-03	4.079205e-01	-4.104451e-01
1.015327      	4.102394e-01	8.214260e-01	-2.580600e-03	4.089491e-01	-4.115297e-01
1.017763      	4.113783e-01	8.236665e-01	-2.519085e-03	4.101188e-01	-4.126378e-01
1.0202        	4.124242e-01	8.257253e-01	-2.492052e-03	4.111781e-01	-4.136702e-01
1.022636      	4.135533e-01	8.280041e-01	-2.448297e-03	4.123292e-01	-4.147775e-01
1.025072      	4.146191e-01	8.302142e-01	-2.587516e-03	4.133254e-01	-4.159129e-01
1.027507      	4.156491e-01	8.323558e-01	-2.656910e-03	4.143206e-01	-4.169775e-01
1.029943      	4.168160e-01	8.346036e-01	-2.568863e-03	4.155315e-01	-4.181004e-01
1.032378      	4.179652e-01	8.369129e-01	-2.780928e-03	4.165747e-01	-4.193556e-01
1.034813      	4.190531e-01	8.391476e-01	-2.500153e-03	4.178030e-01	-4.203032e-01
1.037248      	4.203359e-01	8.416953e-01	-2.827782e-03	4.189220e-01	-4.217498e-01
1.039682      	4.216647e-01	8.442867e-01	-2.678392e-03	4.203255e-01	-4.230039e-01
1.042117      	4.227427e-01	8.464730e-01	-2.736383e-03	4.213745e-01	-4.241109e-01
1.044551      	4.238705e-01	8.486716e-01	-2.790500e-03	4.224753e-01	-4.252658e-01
1.046985      	4.248936e-01	8.506913e-01	-2.809792e-03	4.234887e-01	-4.262985e-01
1.049418      	4.258975e-01	8.526923e-01	-2.855826e-03	4.244696e-01	-4.273255e-01
1.051852      	4.269067e-01	8.547512e-01	-2.880218e-03	4.254666e-01	-4.283468e-01
1.054285      	4.279647e-01	8.568944e-01	-2.863275e-03	4.265331e-01	-4.293964e-01
1.056718      	4.290557e-01	8.590887e-01	-2.943245e-03	4.275840e-01	-4.305273e-01
1.059151      	4.301711e-01	8.613468e-01	-2.874098e-03	4.287340e-01	-4.316081e-01
1.061583      	4.312280e-01	8.634135e-01	-3.023513e-03	4.297162e-01	-4.327398e-01
1.064015      	4.323070e-01	8.655342e-01	-2.868292e-03	4.308729e-01	-4.337412e-01
1.066448      	4.333383e-01	8.676613e-01	-2.883921e-03	4.318963e-01	-4.347803e-01
1.068879      	4.343653e-01	8.697365e-01	-3.176271e-03	4.327772e-01	-4.359535e-01
1.071311      	4.353941e-01	8.717480e-01	-2.858208e-03	4.339650e-01	-4.368232e-01
1.073743      	4.364390e-01	8.738357e-01	-2.739016e-03	4.350695e-01	-4.378085e-01
1.076174      	4.374866e-01	8.758965e-01	-2.930615e-03	4.360213e-01	-4.389519e-01
1.078605      	4.384950e-01	8.779568e-01	-3.072129e-03	4.369590e-01	-4.400311e-01
1.081036      	4.395017e-01	8.799816e-01	-3.044196e-03	4.379796e-01	-4.410238e-01
1.083466      	4.405678e-01	8.821131e-01	-3.072298e-03	4.390317e-01	-4.421040e-01
1.085897      	4.415617e-01	8.840729e-01	-3.081425e-03	4.400209e-01	-4.431024e-01
1.088327      	4.426563e-01	8.862780e-01	-2.949495e-03	4.411816e-01	-4.441310e-01
1.090757      	4.438164e-01	8.886309e-01	-3.225821e-03	4.422035e-01	-4.454293e-01
1.093187      	4.446374e-01	8.902257e-01	-3.206398e-03	4.430342e-01	-4.462406e-01
1.095616      	4.457048e-01	8.923268e-01	-3.120078e-03	4.441448e-01	-4.472648e-01
1.098046      	4.466744e-01	8.943908e-01	-3.176371e-03	4.450862e-01	-4.482626e-01
1.100475      	4.476537e-01	8.964011e-01	-3.236981e-03	4.460352e-01	-4.492722e-01
1.102904      	4.487050e-01	8.984804e-01	-3.173426e-03	4.471183e-01	-4.502917e-01
1.105333      	4.498858e-01	9.009030e-01	-3.391407e-03	4.481901e-01	-4.515815e-01
1.107762      	4.511444e-01	9.033868e-01	-3.340662e-03	4.494741e-01	-4.528147e-01
1.11019       	4.523555e-01	9.057885e-01	-3.374790e-03	4.506681e-01	-4.540429e-01
1.112618      	4.532395e-01	9.075380e-01	-3.417523e-03	4.515308e-01	-4.549483e-01
1.115046      	4.542909e-01	9.095466e-01	-3.332386e-03	4.526247e-01	-4.559571e-01
1.117474      	4.551708e-01	9.113292e-01	-3.525070e-03	4.534082e-01	-4.569333e-01
1.119902      	4.561628e-01	9.133594e-01	-3.494816e-03	4.544154e-01	-4.579102e-01
1.122329      	4.571625e-01	9.153534e-01	-3.449200e-03	4.554379e-01	-4.588871e-01
1.124756      	4.581841e-01	9.174012e-01	-3.383556e-03	4.564924e-01	-4.598759e-01
1.127184      	4.591964e-01	9.194370e-01	-3.345131e-03	4.575238e-01	-4.608689e-01
1.12961       	4.601686e-01	9.213581e-01	-3.533256e-03	4.584020e-01	-4.619352e-01
1.132037      	4.611778e-01	9.234070e-01	-3.517408e-03	4.594191e-01	-4.629365e-01
1.134464      	4.621169e-01	9.253067e-01	-3.679827e-03	4.602770e-01	-4.639568e-01
1.13689       	4.632036e-01	9.274909e-01	-3.647272e-03	4.613800e-01	-4.650273e-01
1.139316      	4.642674e-01	9.295843e-01	-3.566935e-03	4.624840e-01	-4.660509e-01
1.141742      	4.651655e-01	9.314277e-01	-3.601596e-03	4.633647e-01	-4.669663e-01
1.144168      	4.661547e-01	9.333883e-01	-3.530353e-03	4.643895e-01	-4.679199e-01
1.146593      	4.671352e-01	9.354187e-01	-3.464096e-03	4.654032e-01	-4.688673e-01
1.149019      	4.683727e-01	9.379456e-01	-3.538945e-03	4.666032e-01	-4.701421e-01
1.151444      	4.693697e-01	9.399840e-01	-3.601516e-03	4.675690e-01	-4.711705e-01
1.153869      	4.704465e-01	9.420188e-01	-3.565725e-03	4.686636e-01	-4.722294e-01
1.156294      	4.714595e-01	9.439288e-01	-3.519886e-03	4.696996e-01	-4.732195e-01
1.158719      	4.724286e-01	9.458132e-01	-3.804246e-03	4.705265e-01	-4.743307e-01
1.161143      	4.733886e-01	9.477332e-01	-3.788457e-03	4.714944e-01	-4.752829e-01
1.163568      	4.743367e-01	9.496806e-01	-3.881587e-03	4.723959e-01	-4.762775e-01
1.165992      	4.752242e-01	9.514801e-01	-3.809525e-03	4.733194e-01	-4.771289e-01
1.168416      	4.761788e-01	9.533702e-01	-3.648556e-03	4.743545e-01	-4.780031e-01
1.17084       	4.770485e-01	9.551266e-01	-3.546813e-03	4.752751e-01	-4.788219e-01
1.173264      	4.779486e-01	9.569357e-01	-3.648225e-03	4.761245e-01	-4.797727e-01
1.175687      	4.789978e-01	9.591368e-01	-3.688352e-03	4.771536e-01	-4.808420e-01
1.178111      	4.800153e-01	9.612004e-01	-3.684011e-03	4.781733e-01	-4.818573e-01
1.180534      	4.809464e-01	9.630329e-01	-3.943661e-03	4.789746e-01	-4.829183e-01
1.182957      	4.818744e-01	9.648199e-01	-3.915077e-03	4.799169e-01	-4.838320e-01
1.18538       	4.830997e-01	9.672368e-01	-3.765618e-03	4.812169e-01	-4.849825e-01
1.187802      	4.840738e-01	9.692477e-01	-4.128342e-03	4.820096e-01	-4.861379e-01
1.190225      	4.850982e-01	9.712937e-01	-4.233526e-03	4.829814e-01	-4.872150e-01
1.192647      	4.860284e-01	9.731744e-01	-4.116020e-03	4.839704e-01	-4.880864e-01
1.195069      	4.870214e-01	9.751802e-01	-3.895748e-03	4.850735e-01	-4.889692e-01
1.197492      	4.880522e-01	9.772807e-01	-3.824135e-03	4.861402e-01	-4.899643e-01
1.199913      	4.891454e-01	9.794809e-01	-3.833654e-03	4.872285e-01	-4.910622e-01
1.202335      	4.900375e-01	9.812384e-01	-3.799968e-03	4.881375e-01	-4.919375e-01
1.204757      	4.910535e-01	9.832287e-01	-3.685029e-03	4.892109e-01	-4.928960e-01
1.207178      	4.919456e-01	9.850142e-01	-3.815867e-03	4.900377e-01	-4.938536e-01
1.209599      	4.929165e-01	9.869282e-01	-3.932634e-03	4.909501e-01	-4.948828e-01
1.212021      	4.937584e-01	9.885836e-01	-3.978896e-03	4.917690e-01	-4.957479e-01
1.214442      	4.947181e-01	9.905006e-01	-3.983598e-03	4.927263e-01	-4.967099e-01
1.216862      	4.956246e-01	9.923537e-01	-3.921022e-03	4.936641e-01	-4.975851e-01
1.219283      	4.964790e-01	9.940525e-01	-3.925175e-03	4.945164e-01	-4.984416e-01
1.221704      	4.976460e-01	9.963674e-01	-4.078575e-03	4.956068e-01	-4.996853e-01
1.224124      	4.983936e-01	9.978725e-01	-4.143985e-03	4.963216e-01	-5.004656e-01
1.226544      	4.994342e-01	9.999080e-01	-3.829213e-03	4.975196e-01	-5.013488e-01
1.228964      	5.002349e-01	1.001602e+00	-3.935628e-03	4.982671e-01	-5.022027e-01
1.231384      	5.012824e-01	1.003746e+00	-3.862448e-03	4.993512e-01	-5.032136e-01
1.233804      	5.021995e-01	1.005589e+00	-3.882319e-03	5.002583e-01	-5.041406e-01
1.236223      	5.030323e-01	1.007272e+00	-3.665471e-03	5.011996e-01	-5.048651e-01
1.238643      	5.040849e-01	1.009322e+00	-3.841295e-03	5.021642e-01	-5.060055e-01
1.241062      	5.050761e-01	1.011277e+00	-4.031090e-03	5.030606e-01	-5.070917e-01
1.243481      	5.060084e-01	1.013119e+00	-4.007982e-03	5.040044e-01	-5.080124e-01
1.2459        	5.068503e-01	1.014801e+00	-4.119434e-03	5.047905e-01	-5.089100e-01
1.248319      	5.077315e-01	1.016534e+00	-4.129442e-03	5.056668e-01	-5.097962e-01
1.250738      	5.085369e-01	1.018159e+00	-4.017027e-03	5.065284e-01	-5.105455e-01
1.253157      	5.094756e-01	1.020051e+00	-3.930345e-03	5.075104e-01	-5.114408e-01
1.255575      	5.104582e-01	1.022141e+00	-4.284267e-03	5.083161e-01	-5.126003e-01
1.257993      	5.115556e-01	1.024342e+00	-4.151629e-03	5.094798e-01	-5.136314e-01
1.260412      	5.125189e-01	1.026277e+00	-4.165909e-03	5.104359e-01	-5.146018e-01
1.26283       	5.134240e-01	1.028110e+00	-4.188953e-03	5.113295e-01	-5.155185e-01
1.265247      	5.143621e-01	1.030005e+00	-4.334304e-03	5.121950e-01	-5.165293e-01
1.267665      	5.153399e-01	1.031859e+00	-4.270360e-03	5.132047e-01	-5.174751e-01
1.270083      	5.162431e-01	1.033633e+00	-4.292293e-03	5.140970e-01	-5.183893e-01
1.2725        	5.170592e-01	1.035261e+00	-4.354212e-03	5.148821e-01	-5.192364e-01
1.274918      	5.179669e-01	1.037027e+00	-4.421989e-03	5.157559e-01	-5.201779e-01
1.277335      	5.188342e-01	1.038744e+00	-4.465945e-03	5.166012e-01	-5.210671e-01
1.279752      	5.196924e-01	1.040469e+00	-4.549915e-03	5.174174e-01	-5.219674e-01
1.282169      	5.205047e-01	1.042114e+00	-4.431876e-03	5.182887e-01	-5.227206e-01
1.284586      	5.214525e-01	1.044051e+00	-4.509808e-03	5.191976e-01	-5.237074e-01
1.287002      	5.223468e-01	1.045888e+00	-4.643934e-03	5.200248e-01	-5.246687e-01
1.289419      	5.233658e-01	1.047964e+00	-4.766223e-03	5.209827e-01	-5.257489e-01
1.291835      	5.243029e-01	1.049854e+00	-4.934322e-03	5.218358e-01	-5.267701e-01
1.294251      	5.252513e-01	1.051744e+00	-4.876584e-03	5.228131e-01	-5.276896e-01
1.296668      	5.261944e-01	1.053603e+00	-4.773204e-03	5.238078e-01	-5.285810e-01
1.299084      	5.270489e-01	1.055282e+00	-4.714564e-03	5.246916e-01	-5.294062e-01
1.301499      	5.278942e-01	1.056923e+00	-4.711042e-03	5.255387e-01	-5.302498e-01
1.303915      	5.288049e-01	1.058749e+00	-4.816798e-03	5.263965e-01	-5.312133e-01
1.306331      	5.296005e-01	1.060328e+00	-4.794228e-03	5.272034e-01	-5.319976e-01
1.308746      	5.306035e-01	1.062409e+00	-4.954039e-03	5.281265e-01	-5.330805e-01
1.311162      	5.314892e-01	1.064229e+00	-5.129114e-03	5.289246e-01	-5.340537e-01
1.313577      	5.324399e-01	1.066139e+00	-4.941340e-03	5.299692e-01	-5.349105e-01
1.315992      	5.332852e-01	1.067819e+00	-4.861188e-03	5.308546e-01	-5.357158e-01
1.318407      	5.341845e-01	1.069587e+00	-4.889524e-03	5.317397e-01	-5.366293e-01
1.320822      	5.350612e-01	1.071290e+00	-4.923453e-03	5.325994e-01	-5.375229e-01
1.323237      	5.360582e-01	1.073242e+00	-5.080031e-03	5.335182e-01	-5.385982e-01
1.325651      	5.367767e-01	1.074686e+00	-5.125182e-03	5.342141e-01	-5.393393e-01
1.328066      	5.374733e-01	1.076077e+00	-5.000898e-03	5.349729e-01	-5.399738e-01
1.33048       	5.382014e-01	1.077537e+00	-4.999723e-03	5.357015e-01	-5.407013e-01
1.332894      	5.390276e-01	1.079189e+00	-5.042894e-03	5.365061e-01	-5.415490e-01
1.335309      	5.398463e-01	1.080812e+00	-5.050774e-03	5.373209e-01	-5.423717e-01
1.337723      	5.407430e-01	1.082584e+00	-5.119249e-03	5.381834e-01	-5.433026e-01
1.340137      	5.414164e-01	1.083978e+00	-5.093420e-03	5.388697e-01	-5.439631e-01
1.34255       	5.424194e-01	1.086075e+00	-5.029985e-03	5.399044e-01	-5.449344e-01
1.344964      	5.432435e-01	1.087731e+00	-5.170833e-03	5.406581e-01	-5.458289e-01
1.347377      	5.439972e-01	1.089216e+00	-5.191878e-03	5.414013e-01	-5.465932e-01
1.349791      	5.448763e-01	1.090883e+00	-5.237949e-03	5.422573e-01	-5.474953e-01
1.352204      	5.457242e-01	1.092520e+00	-4.986495e-03	5.432310e-01	-5.482175e-01
1.354617      	5.464409e-01	1.093954e+00	-5.178267e-03	5.438518e-01	-5.490300e-01
1.35703       	5.472291e-01	1.095578e+00	-5.207767e-03	5.446252e-01	-5.498330e-01
1.359442      	5.479691e-01	1.097124e+00	-5.318316e-03	5.453100e-01	-5.506283e-01
1.361855      	5.489270e-01	1.099009e+00	-5.265582e-03	5.462942e-01	-5.515598e-01
1.364267      	5.498190e-01	1.100812e+00	-5.312169e-03	5.471629e-01	-5.524750e-01
1.36668       	5.505882e-01	1.102368e+00	-5.305409e-03	5.479355e-01	-5.532409e-01
1.369092      	5.515258e-01	1.104251e+00	-5.327983e-03	5.488619e-01	-5.541898e-01
1.371504      	5.524274e-01	1.106071e+00	-5.246123e-03	5.498043e-01	-5.550504e-01
1.373915      	5.532828e-01	1.107764e+00	-5.212100e-03	5.506767e-01	-5.558888e-01
1.376327      	5.540717e-01	1.109337e+00	-5.196233e-03	5.514736e-01	-5.566698e-01
1.378739      	5.548702e-01	1.110943e+00	-5.191810e-03	5.522743e-01	-5.574661e-01
1.38115       	5.556194e-01	1.112442e+00	-4.989716e-03	5.531246e-01	-5.581143e-01
1.383561      	5.564690e-01	1.114073e+00	-5.505875e-03	5.537160e-01	-5.592219e-01
1.385973      	5.572493e-01	1.115607e+00	-5.093342e-03	5.547027e-01	-5.597960e-01
1.388384      	5.581004e-01	1.117324e+00	-5.280768e-03	5.554600e-01	-5.607407e-01
1.390794      	5.588705e-01	1.118885e+00	-5.291973e-03	5.562245e-01	-5.615165e-01
1.393205      	5.595271e-01	1.120170e+00	-5.364649e-03	5.568448e-01	-5.622094e-01
1.395616      	5.603370e-01	1.121750e+00	-5.336787e-03	5.576686e-01	-5.630053e-01
1.398026      	5.610422e-01	1.123183e+00	-5.396266e-03	5.583441e-01	-5.637404e-01
1.400436      	5.618160e-01	1.124752e+00	-5.438050e-03	5.590970e-01	-5.645350e-01
1.402847      	5.626567e-01	1.126415e+00	-5.410280e-03	5.599516e-01	-5.653619e-01
1.405257      	5.634612e-01	1.128072e+00	-5.312730e-03	5.608048e-01	-5.661176e-01
1.407666      	5.641894e-01	1.129565e+00	-5.421032e-03	5.614789e-01	-5.668999e-01
1.410076      	5.650769e-01	1.131333e+00	-5.365565e-03	5.623941e-01	-5.677597e-01
1.412486      	5.657618e-01	1.132672e+00	-5.456270e-03	5.630336e-01	-5.684899e-01
1.414895      	5.665252e-01	1.134212e+00	-5.530766e-03	5.637598e-01	-5.692906e-01
1.417305      	5.672114e-01	1.135588e+00	-5.431718e-03	5.644956e-01	-5.699273e-01
1.419714      	5.680044e-01	1.137148e+00	-5.775590e-03	5.651166e-01	-5.708922e-01
1.422123      	5.689242e-01	1.138995e+00	-5.494090e-03	5.661771e-01	-5.716712e-01
1.424532      	5.697758e-01	1.140711e+00	-5.739023e-03	5.669063e-01	-5.726453e-01
1.426941      	5.704841e-01	1.142148e+00	-5.658308e-03	5.676550e-01	-5.733133e-01
1.429349      	5.712152e-01	1.143570e+00	-5.564614e-03	5.684328e-01	-5.739975e-01
1.431758      	5.720197e-01	1.145183e+00	-5.646573e-03	5.691964e-01	-5.748430e-01
1.434166      	5.729001e-01	1.146906e+00	-5.606245e-03	5.700970e-01	-5.757033e-01
1.436575      	5.736302e-01	1.148393e+00	-5.665390e-03	5.707975e-01	-5.764629e-01
1.438983      	5.742049e-01	1.149576e+00	-5.750180e-03	5.713298e-01	-5.770800e-01
1.441391      	5.749554e-01	1.151042e+00	-5.584662e-03	5.721630e-01	-5.777477e-01
1.443799      	5.756842e-01	1.152474e+00	-5.732199e-03	5.728181e-01	-5.785503e-01
1.446206      	5.763816e-01	1.153846e+00	-5.700365e-03	5.735314e-01	-5.792318e-01
1.448614      	5.771600e-01	1.155389e+00	-5.749749e-03	5.742851e-01	-5.800349e-01
1.451021      	5.778417e-01	1.156738e+00	-5.691124e-03	5.749962e-01	-5.806873e-01
1.453429      	5.785813e-01	1.158244e+00	-5.789539e-03	5.756865e-01	-5.814760e-01
1.455836      	5.793619e-01	1.159849e+00	-5.644336e-03	5.765397e-01	-5.821841e-01
1.458243      	5.801494e-01	1.161441e+00	-5.735740e-03	5.772815e-01	-5.830173e-01
1.46065       	5.808975e-01	1.162940e+00	-5.602414e-03	5.780963e-01	-5.836987e-01
1.463057      	5.816167e-01	1.164389e+00	-5.795254e-03	5.787191e-01	-5.845143e-01
1.465464      	5.824152e-01	1.166004e+00	-5.696452e-03	5.795670e-01	-5.852634e-01
1.46787       	5.831031e-01	1.167340e+00	-5.805001e-03	5.802006e-01	-5.860056e-01
1.470277      	5.838303e-01	1.168765e+00	-5.698422e-03	5.809811e-01	-5.866795e-01
1.472683      	5.845622e-01	1.170167e+00	-5.615537e-03	5.817545e-01	-5.873700e-01
1.47509       	5.852634e-01	1.171558e+00	-5.642645e-03	5.824421e-01	-5.880848e-01
1.477496      	5.859008e-01	1.172849e+00	-5.890202e-03	5.829557e-01	-5.888459e-01
1.479902      	5.866062e-01	1.174258e+00	-5.777529e-03	5.837174e-01	-5.894949e-01
1.482308      	5.872855e-01	1.175627e+00	-5.981581e-03	5.842947e-01	-5.902763e-01
1.484713      	5.879595e-01	1.176967e+00	-5.843789e-03	5.850376e-01	-5.908814e-01
1.487119      	5.887336e-01	1.178567e+00	-5.824039e-03	5.858216e-01	-5.916456e-01
1.489524      	5.895772e-01	1.180325e+00	-5.807730e-03	5.866733e-01	-5.924811e-01
1.49193       	5.903965e-01	1.181935e+00	-5.903448e-03	5.874448e-01	-5.933482e-01
1.494335      	5.910614e-01	1.183261e+00	-5.763517e-03	5.881796e-01	-5.939431e-01
1.49674       	5.916625e-01	1.184486e+00	-6.139093e-03	5.885930e-01	-5.947321e-01
1.499145      	5.925169e-01	1.186198e+00	-5.905476e-03	5.895642e-01	-5.954697e-01
1.50155       	5.932933e-01	1.187738e+00	-6.025088e-03	5.902808e-01	-5.963059e-01
1.503955      	5.940744e-01	1.189261e+00	-5.729343e-03	5.912097e-01	-5.969390e-01
1.50636       	5.946819e-01	1.190411e+00	-5.987631e-03	5.916880e-01	-5.976757e-01
1.508764      	5.953678e-01	1.191745e+00	-5.980008e-03	5.923778e-01	-5.983578e-01
1.511169      	5.960336e-01	1.193081e+00	-6.149023e-03	5.929591e-01	-5.991081e-01
1.513573      	5.967604e-01	1.194524e+00	-5.987913e-03	5.937664e-01	-5.997543e-01
1.515977      	5.973931e-01	1.195820e+00	-6.020078e-03	5.943830e-01	-6.004031e-01
1.518381      	5.980970e-01	1.197228e+00	-5.826617e-03	5.951837e-01	-6.010103e-01
1.520785      	5.988546e-01	1.198783e+00	-6.002580e-03	5.958533e-01	-6.018559e-01
1.523189      	5.994704e-01	1.199919e+00	-5.868642e-03	5.965360e-01	-6.024047e-01
1.525593      	5.999826e-01	1.200955e+00	-5.976686e-03	5.969943e-01	-6.029710e-01
1.527997      	6.008116e-01	1.202623e+00	-6.016125e-03	5.978035e-01	-6.038197e-01
1.5304        	6.014900e-01	1.204025e+00	-6.212467e-03	5.983837e-01	-6.045962e-01
1.532804      	6.020825e-01	1.205236e+00	-5.835011e-03	5.991650e-01	-6.050001e-01
1.535207      	6.026797e-01	1.206478e+00	-5.741417e-03	5.998090e-01	-6.055504e-01
1.53761       	6.034419e-01	1.207969e+00	-5.747347e-03	6.005682e-01	-6.063156e-01
1.540013      	6.042112e-01	1.209523e+00	-5.929573e-03	6.012464e-01	-6.071760e-01
1.542416      	6.048953e-01	1.210869e+00	-6.158427e-03	6.018161e-01	-6.079745e-01
1.544819      	6.055230e-01	1.212099e+00	-6.301940e-03	6.023720e-01	-6.086740e-01
1.547222      	6.062515e-01	1.213513e+00	-6.082921e-03	6.032100e-01	-6.092929e-01
1.549625      	6.068898e-01	1.214797e+00	-6.267270e-03	6.037562e-01	-6.100235e-01
1.552027      	6.074898e-01	1.215979e+00	-6.314605e-03	6.043325e-01	-6.106471e-01
1.55443       	6.081427e-01	1.217259e+00	-6.179509e-03	6.050529e-01	-6.112324e-01
1.556832      	6.087864e-01	1.218540e+00	-6.048960e-03	6.057620e-01	-6.118109e-01
1.559235      	6.093873e-01	1.219720e+00	-6.044106e-03	6.063652e-01	-6.124093e-01
1.561637      	6.099389e-01	1.220851e+00	-6.101377e-03	6.068882e-01	-6.129896e-01
1.564039      	6.105978e-01	1.222180e+00	-6.025152e-03	6.075852e-01	-6.136103e-01
1.566441      	6.113738e-01	1.223747e+00	-6.078569e-03	6.083346e-01	-6.144131e-01
1.568843      	6.120124e-01	1.225024e+00	-6.120896e-03	6.089519e-01	-6.150728e-01
1.571244      	6.126168e-01	1.226220e+00	-6.262174e-03	6.094857e-01	-6.157479e-01
1.573646      	6.132724e-01	1.227570e+00	-6.275994e-03	6.101344e-01	-6.164104e-01
1.576048      	6.139429e-01	1.228926e+00	-6.361414e-03	6.107622e-01	-6.171236e-01
1.578449      	6.146722e-01	1.230356e+00	-6.214508e-03	6.115649e-01	-6.177794e-01
1.58085       	6.153607e-01	1.231714e+00	-6.183173e-03	6.122691e-01	-6.184523e-01
1.583252      	6.159732e-01	1.232953e+00	-6.141966e-03	6.129022e-01	-6.190442e-01
1.585653      	6.166505e-01	1.234284e+00	-6.244232e-03	6.135284e-01	-6.197726e-01
1.588054      	6.172710e-01	1.235577e+00	-6.131031e-03	6.142055e-01	-6.203365e-01
1.590455      	6.179670e-01	1.236945e+00	-6.025793e-03	6.149541e-01	-6.209799e-01
1.592856      	6.186605e-01	1.238382e+00	-5.892989e-03	6.157140e-01	-6.216070e-01
1.595257      	6.194172e-01	1.239934e+00	-6.145312e-03	6.163445e-01	-6.224898e-01
1.597657      	6.201042e-01	1.241289e+00	-6.195916e-03	6.170062e-01	-6.232021e-01
1.600058      	6.207966e-01	1.242639e+00	-6.112091e-03	6.177405e-01	-6.238526e-01
1.602458      	6.214656e-01	1.243930e+00	-5.903989e-03	6.185136e-01	-6.244176e-01
1.604859      	6.220763e-01	1.245101e+00	-5.929686e-03	6.191115e-01	-6.250411e-01
1.607259      	6.226285e-01	1.246173e+00	-6.159962e-03	6.195485e-01	-6.257084e-01
1.609659      	6.232741e-01	1.247449e+00	-6.178321e-03	6.201849e-01	-6.263632e-01
1.612059      	6.238161e-01	1.248553e+00	-6.260735e-03	6.206857e-01	-6.269464e-01
1.61446       	6.245101e-01	1.250000e+00	-6.261272e-03	6.213795e-01	-6.276407e-01
1.61686       	6.251568e-01	1.251332e+00	-6.204245e-03	6.220547e-01	-6.282589e-01
1.619259      	6.257267e-01	1.252420e+00	-6.295316e-03	6.225790e-01	-6.288743e-01
1.621659      	6.263751e-01	1.253699e+00	-6.264306e-03	6.232429e-01	-6.295072e-01
1.624059      	6.270393e-01	1.255016e+00	-6.256763e-03	6.239109e-01	-6.301677e-01
1.626459      	6.276994e-01	1.256339e+00	-6.186732e-03	6.246060e-01	-6.307927e-01
1.628858      	6.283612e-01	1.257684e+00	-6.086019e-03	6.253182e-01	-6.314042e-01
1.631258      	6.288889e-01	1.258737e+00	-5.985459e-03	6.258962e-01	-6.318816e-01
1.633657      	6.296158e-01	1.260217e+00	-6.172345e-03	6.265297e-01	-6.327020e-01
1.636056      	6.302412e-01	1.261468e+00	-6.134930e-03	6.271737e-01	-6.333087e-01
1.638456      	6.309987e-01	1.262954e+00	-6.263425e-03	6.278670e-01	-6.341304e-01
1.640855      	6.315466e-01	1.264044e+00	-6.204940e-03	6.284441e-01	-6.346491e-01
1.643254      	6.321424e-01	1.265282e+00	-6.216737e-03	6.290340e-01	-6.352508e-01
1.645653      	6.328537e-01	1.266728e+00	-6.393459e-03	6.296569e-01	-6.360504e-01
1.648052      	6.335889e-01	1.268194e+00	-6.238530e-03	6.304696e-01	-6.367082e-01
1.65045       	6.342073e-01	1.269347e+00	-6.167576e-03	6.311235e-01	-6.372911e-01
1.652849      	6.347820e-01	1.270475e+00	-6.175814e-03	6.316941e-01	-6.378699e-01
1.655248      	6.353782e-01	1.271675e+00	-6.355859e-03	6.322002e-01	-6.385561e-01
1.657646      	6.361017e-01	1.273104e+00	-6.328267e-03	6.329376e-01	-6.392659e-01
1.660045      	6.367235e-01	1.274338e+00	-6.298380e-03	6.335743e-01	-6.398726e-01
1.662443      	6.373851e-01	1.275663e+00	-6.236627e-03	6.342668e-01	-6.405034e-01
1.664842      	6.378386e-01	1.276603e+00	-6.295988e-03	6.346906e-01	-6.409866e-01
1.66724       	6.385247e-01	1.277978e+00	-6.297421e-03	6.353760e-01	-6.416734e-01
1.669638      	6.390428e-01	1.278982e+00	-6.008608e-03	6.360385e-01	-6.420471e-01
1.672037      	6.396293e-01	1.280129e+00	-5.918158e-03	6.366702e-01	-6.425883e-01
1.674435      	6.402838e-01	1.281500e+00	-6.113435e-03	6.372271e-01	-6.433405e-01
1.676833      	6.411335e-01	1.283200e+00	-5.959531e-03	6.381537e-01	-6.441133e-01
1.679231      	6.417994e-01	1.284502e+00	-6.129808e-03	6.387345e-01	-6.448643e-01
1.681629      	6.424215e-01	1.285741e+00	-6.201133e-03	6.393210e-01	-6.455221e-01
1.684026      	6.429781e-01	1.286873e+00	-6.303543e-03	6.398264e-01	-6.461299e-01
1.686424      	6.435990e-01	1.288150e+00	-6.252593e-03	6.404727e-01	-6.467253e-01
1.688822      	6.441333e-01	1.289239e+00	-6.148877e-03	6.410589e-01	-6.472078e-01
1.691219      	6.449595e-01	1.290874e+00	-6.125719e-03	6.418966e-01	-6.480223e-01
1.693617      	6.455380e-01	1.292010e+00	-6.171730e-03	6.424521e-01	-6.486238e-01
1.696015      	6.462688e-01	1.293497e+00	-6.154477e-03	6.431916e-01	-6.493461e-01
1.698412      	6.468028e-01	1.294565e+00	-6.101675e-03	6.437519e-01	-6.498536e-01
1.700809      	6.476009e-01	1.296167e+00	-6.093495e-03	6.445542e-01	-6.506476e-01
1.703207      	6.483078e-01	1.297563e+00	-6.126091e-03	6.452448e-01	-6.513709e-01
1.705604      	6.490114e-01	1.298957e+00	-6.173894e-03	6.459244e-01	-6.520983e-01
1.708001      	6.495891e-01	1.300117e+00	-6.229650e-03	6.464743e-01	-6.527039e-01
1.710398      	6.502661e-01	1.301463e+00	-6.258878e-03	6.471367e-01	-6.533955e-01
1.712795      	6.508704e-01	1.302685e+00	-6.149491e-03	6.477957e-01	-6.539452e-01
1.715192      	6.515575e-01	1.304074e+00	-6.129957e-03	6.484925e-01	-6.546225e-01
1.717589      	6.522313e-01	1.305408e+00	-6.122239e-03	6.491702e-01	-6.552924e-01
1.719986      	6.528927e-01	1.306685e+00	-6.007092e-03	6.498892e-01	-6.558963e-01
1.722383      	6.534823e-01	1.307857e+00	-6.094599e-03	6.504350e-01	-6.565296e-01
1.72478       	6.542163e-01	1.309303e+00	-6.055829e-03	6.511884e-01	-6.572442e-01
1.727177      	6.547643e-01	1.310374e+00	-6.169406e-03	6.516796e-01	-6.578490e-01
1.729573      	6.554102e-01	1.311683e+00	-5.995551e-03	6.524124e-01	-6.584080e-01
1.73197       	6.560039e-01	1.312873e+00	-6.097655e-03	6.529551e-01	-6.590527e-01
1.734367      	6.567821e-01	1.314409e+00	-6.077759e-03	6.537432e-01	-6.598209e-01
1.736763      	6.573206e-01	1.315532e+00	-5.989688e-03	6.543258e-01	-6.603155e-01
1.73916       	6.580035e-01	1.316928e+00	-5.961958e-03	6.550226e-01	-6.609845e-01
1.741556      	6.585630e-01	1.318036e+00	-5.906417e-03	6.556098e-01	-6.615162e-01
1.743953      	6.593031e-01	1.319524e+00	-6.043278e-03	6.562815e-01	-6.623247e-01
1.746349      	6.599091e-01	1.320751e+00	-6.233066e-03	6.567925e-01	-6.630256e-01
1.748745      	6.607250e-01	1.322356e+00	-6.016288e-03	6.577169e-01	-6.637332e-01
1.751142      	6.613628e-01	1.323617e+00	-5.946917e-03	6.583893e-01	-6.643363e-01
1.753538      	6.620879e-01	1.325067e+00	-5.959761e-03	6.591080e-01	-6.650677e-01
1.755934      	6.626657e-01	1.326215e+00	-6.055275e-03	6.596381e-01	-6.656933e-01
1.75833       	6.634125e-01	1.327686e+00	-6.066424e-03	6.603793e-01	-6.664458e-01
1.760727      	6.639481e-01	1.328749e+00	-6.114226e-03	6.608910e-01	-6.670052e-01
1.763123      	6.646735e-01	1.330180e+00	-6.084704e-03	6.616311e-01	-6.677158e-01
1.765519      	6.652382e-01	1.331315e+00	-6.084887e-03	6.621958e-01	-6.682807e-01
1.767915      	6.660417e-01	1.332937e+00	-6.087552e-03	6.629980e-01	-6.690855e-01
1.770311      	6.665490e-01	1.333977e+00	-6.157795e-03	6.634701e-01	-6.696279e-01
1.772707      	6.673325e-01	1.335541e+00	-6.018979e-03	6.643231e-01	-6.703420e-01
1.775102      	6.677886e-01	1.336456e+00	-5.954461e-03	6.648114e-01	-6.707659e-01
1.777498      	6.686155e-01	1.338105e+00	-5.924704e-03	6.656532e-01	-6.715779e-01
1.779894      	6.691883e-01	1.339268e+00	-6.062471e-03	6.661571e-01	-6.722196e-01
1.78229       	6.700479e-01	1.340980e+00	-5.996039e-03	6.670499e-01	-6.730459e-01
1.784686      	6.706219e-01	1.342130e+00	-5.936712e-03	6.676535e-01	-6.735902e-01
1.787081      	6.713935e-01	1.343657e+00	-5.970314e-03	6.684083e-01	-6.743787e-01
1.789477      	6.719412e-01	1.344772e+00	-5.965256e-03	6.689585e-01	-6.749238e-01
1.791873      	6.726987e-01	1.346281e+00	-5.914560e-03	6.697415e-01	-6.756560e-01
1.794268      	6.732025e-01	1.347289e+00	-5.949055e-03	6.702280e-01	-6.761770e-01
1.796664      	6.739349e-01	1.348695e+00	-5.976489e-03	6.709466e-01	-6.769231e-01
1.79906       	6.745254e-01	1.349862e+00	-6.077899e-03	6.714864e-01	-6.775643e-01
1.801455      	6.753591e-01	1.351501e+00	-6.117800e-03	6.723002e-01	-6.784180e-01
1.803851      	6.760085e-01	1.352775e+00	-6.068124e-03	6.729744e-01	-6.790426e-01
1.806246      	6.765811e-01	1.353961e+00	-5.904889e-03	6.736286e-01	-6.795335e-01
1.808642      	6.771391e-01	1.355134e+00	-5.914921e-03	6.741816e-01	-6.800966e-01
1.811037      	6.778109e-01	1.356492e+00	-5.944517e-03	6.748386e-01	-6.807831e-01
1.813433      	6.783832e-01	1.357625e+00	-5.947180e-03	6.754096e-01	-6.813568e-01
1.815828      	6.791630e-01	1.359148e+00	-5.785593e-03	6.762702e-01	-6.820558e-01
1.818223      	6.798771e-01	1.360571e+00	-5.655646e-03	6.770492e-01	-6.827049e-01
1.820619      	6.806273e-01	1.362074e+00	-5.742668e-03	6.777560e-01	-6.834986e-01
1.823014      	6.812567e-01	1.363349e+00	-5.898964e-03	6.783072e-01	-6.842062e-01
1.825409      	6.819797e-01	1.364806e+00	-5.966313e-03	6.789966e-01	-6.849629e-01
1.827804      	6.826973e-01	1.366289e+00	-5.817907e-03	6.797883e-01	-6.856062e-01
1.8302        	6.834643e-01	1.367829e+00	-5.764376e-03	6.805822e-01	-6.863465e-01
1.832595      	6.840808e-01	1.369073e+00	-5.731351e-03	6.812151e-01	-6.869465e-01
1.83499       	6.848882e-01	1.370679e+00	-5.746521e-03	6.820150e-01	-6.877615e-01
1.837385      	6.856042e-01	1.372095e+00	-5.774294e-03	6.827171e-01	-6.884914e-01
1.839781      	6.863918e-01	1.373628e+00	-5.852872e-03	6.834654e-01	-6.893182e-01
1.842176      	6.870988e-01	1.375026e+00	-5.861944e-03	6.841678e-01	-6.900298e-01
1.844571      	6.877992e-01	1.376415e+00	-5.788019e-03	6.849051e-01	-6.906932e-01
1.846966      	6.884928e-01	1.377804e+00	-5.821819e-03	6.855818e-01	-6.914037e-01
1.849361      	6.892244e-01	1.379268e+00	-5.847669e-03	6.863006e-01	-6.921482e-01
1.851756      	6.898984e-01	1.380630e+00	-5.887311e-03	6.869548e-01	-6.928421e-01
1.854151      	6.905857e-01	1.382010e+00	-5.851158e-03	6.876601e-01	-6.935112e-01
1.856546      	6.913087e-01	1.383467e+00	-5.818495e-03	6.883994e-01	-6.942179e-01
1.858941      	6.920570e-01	1.384952e+00	-5.718933e-03	6.891976e-01	-6.949165e-01
1.861336      	6.927617e-01	1.386367e+00	-5.737625e-03	6.898929e-01	-6.956305e-01
1.863731      	6.935042e-01	1.387864e+00	-5.641195e-03	6.906836e-01	-6.963248e-01
1.866126      	6.941515e-01	1.389158e+00	-5.627848e-03	6.913376e-01	-6.969655e-01
1.868521      	6.949418e-01	1.390711e+00	-5.488257e-03	6.921977e-01	-6.976859e-01
1.870916      	6.957316e-01	1.392276e+00	-5.474612e-03	6.929943e-01	-6.984689e-01
1.873311      	6.964633e-01	1.393722e+00	-5.871975e-03	6.935273e-01	-6.993993e-01
1.875706      	6.973110e-01	1.395373e+00	-6.064258e-03	6.942789e-01	-7.003432e-01
1.878101      	6.980898e-01	1.396902e+00	-6.119758e-03	6.950299e-01	-7.011497e-01
1.880496      	6.988606e-01	1.398417e+00	-6.182475e-03	6.957693e-01	-7.019518e-01
1.88289       	6.994107e-01	1.399534e+00	-5.383924e-03	6.967188e-01	-7.021027e-01
1.885285      	6.998631e-01	1.400561e+00	-5.512497e-03	6.971068e-01	-7.026193e-01
1.88768       	7.005734e-01	1.402079e+00	-5.327447e-03	6.979096e-01	-7.032371e-01
1.890075      	7.009320e-01	1.402922e+00	-5.259605e-03	6.983022e-01	-7.035618e-01
1.89247       	7.021987e-01	1.405440e+00	-5.420471e-03	6.994885e-01	-7.049090e-01
1.894865      	7.029589e-01	1.406890e+00	-5.367480e-03	7.002752e-01	-7.056427e-01
1.897259      	7.039397e-01	1.408827e+00	-5.541872e-03	7.011688e-01	-7.067106e-01
1.899654      	7.048858e-01	1.410617e+00	-5.525877e-03	7.021229e-01	-7.076487e-01
1.902049      	7.055825e-01	1.411965e+00	-5.534021e-03	7.028155e-01	-7.083496e-01
1.904444      	7.063510e-01	1.413464e+00	-5.582922e-03	7.035595e-01	-7.091424e-01
1.906838      	7.071637e-01	1.415100e+00	-5.478562e-03	7.044244e-01	-7.099030e-01
1.909233      	7.079134e-01	1.416617e+00	-5.461826e-03	7.051825e-01	-7.106444e-01
1.911628      	7.085798e-01	1.417962e+00	-5.446250e-03	7.058566e-01	-7.113029e-01
1.914023      	7.095038e-01	1.419862e+00	-5.462454e-03	7.067725e-01	-7.122350e-01
1.916417      	7.103455e-01	1.421605e+00	-5.466791e-03	7.076121e-01	-7.130789e-01
1.918812      	7.110429e-01	1.422979e+00	-5.560536e-03	7.082626e-01	-7.138232e-01
1.921207      	7.119421e-01	1.424777e+00	-5.325999e-03	7.092791e-01	-7.146051e-01
1.923601      	7.128133e-01	1.426546e+00	-5.274102e-03	7.101763e-01	-7.154504e-01
1.925996      	7.135535e-01	1.428057e+00	-5.204215e-03	7.109514e-01	-7.161556e-01
1.928391      	7.142875e-01	1.429509e+00	-5.156156e-03	7.117095e-01	-7.168656e-01
1.930785      	7.152208e-01	1.431358e+00	-5.315107e-03	7.125633e-01	-7.178784e-01
1.93318       	7.162982e-01	1.433484e+00	-5.517544e-03	7.135394e-01	-7.190570e-01
1.935574      	7.171688e-01	1.435171e+00	-5.390702e-03	7.144735e-01	-7.198642e-01
1.937969      	7.179257e-01	1.436673e+00	-5.404395e-03	7.152235e-01	-7.206279e-01
1.940364      	7.185495e-01	1.437927e+00	-5.279764e-03	7.159096e-01	-7.211894e-01
1.942758      	7.193785e-01	1.439543e+00	-5.405963e-03	7.166755e-01	-7.220814e-01
1.945153      	7.200279e-01	1.440831e+00	-5.329529e-03	7.173632e-01	-7.226927e-01
1.947547      	7.208658e-01	1.442510e+00	-5.428344e-03	7.181516e-01	-7.235800e-01
1.949942      	7.216658e-01	1.444123e+00	-5.321483e-03	7.190051e-01	-7.243265e-01
1.952336      	7.225336e-01	1.445845e+00	-5.367162e-03	7.198500e-01	-7.252172e-01
1.954731      	7.231914e-01	1.447206e+00	-5.169475e-03	7.206067e-01	-7.257762e-01
1.957125      	7.239517e-01	1.448733e+00	-5.213831e-03	7.213448e-01	-7.265586e-01
1.95952       	7.247817e-01	1.450386e+00	-5.105319e-03	7.222291e-01	-7.273344e-01
1.961914      	7.256752e-01	1.452197e+00	-5.039712e-03	7.231554e-01	-7.281951e-01
1.964309      	7.265619e-01	1.453990e+00	-5.077424e-03	7.240232e-01	-7.291006e-01
1.966703      	7.273523e-01	1.455561e+00	-5.138625e-03	7.247829e-01	-7.299216e-01
1.969098      	7.281153e-01	1.457073e+00	-5.303585e-03	7.254635e-01	-7.307671e-01
1.971492      	7.288758e-01	1.458581e+00	-5.219013e-03	7.262663e-01	-7.314853e-01
1.973887      	7.297014e-01	1.460229e+00	-5.215424e-03	7.270937e-01	-7.323091e-01
1.976281      	7.306327e-01	1.462055e+00	-5.214349e-03	7.280256e-01	-7.332399e-01
1.978676      	7.312752e-01	1.463343e+00	-5.017842e-03	7.287662e-01	-7.337841e-01
1.98107       	7.320654e-01	1.464928e+00	-5.082455e-03	7.295241e-01	-7.346066e-01
1.983464      	7.328908e-01	1.466580e+00	-4.988465e-03	7.303965e-01	-7.353850e-01
1.985859      	7.337246e-01	1.468251e+00	-5.030148e-03	7.312096e-01	-7.362397e-01
1.988253      	7.345498e-01	1.469907e+00	-5.014215e-03	7.320427e-01	-7.370569e-01
1.990647      	7.353624e-01	1.471536e+00	-4.935737e-03	7.328945e-01	-7.378302e-01
1.993042      	7.361084e-01	1.473037e+00	-4.977114e-03	7.336198e-01	-7.385969e-01
1.995436      	7.369157e-01	1.474617e+00	-4.995369e-03	7.344180e-01	-7.394133e-01
1.99783       	7.377884e-01	1.476344e+00	-4.988340e-03	7.352942e-01	-7.402825e-01
2.000225      	7.387620e-01	1.478287e+00	-4.950395e-03	7.362868e-01	-7.412372e-01
