# Force coefficients
# liftDir     : (0.000000e+00 1.000000e+00 0.000000e+00)
# dragDir     : (1.000000e+00 0.000000e+00 0.000000e+00)
# pitchAxis   : (0.000000e+00 1.000000e+00 0.000000e+00)
# magUInf     : 2.000000e+00
# lRef        : 2.000000e-01
# Aref        : 2.000000e-01
# CofR        : (5.000000e+00 2.000000e+00 0.000000e+00)
# Time        	Cm            	Cd            	Cl            	Cl(f)         	Cl(r)         
0             	0.000000e+00	0.000000e+00	0.000000e+00	0.000000e+00	0.000000e+00
0.003         	2.426024e+02	9.760217e+01	2.409337e+00	2.438071e+02	-2.413977e+02
0.00307772    	1.473818e+03	5.879992e+02	2.702100e+01	1.487328e+03	-1.460307e+03
0.00315541    	-2.202342e+02	-9.113592e+01	6.211941e+00	-2.171282e+02	2.233402e+02
0.00322463    	-1.845425e+02	-6.957841e+01	-6.503758e+00	-1.877944e+02	1.812906e+02
0.00330769    	-3.331917e+01	-1.386389e+01	-2.278629e+00	-3.445849e+01	3.217986e+01
0.00339703    	4.752498e+01	1.831767e+01	8.122311e-01	4.793109e+01	-4.711886e+01
0.00348603    	5.323791e+01	2.091949e+01	6.965200e-01	5.358617e+01	-5.288965e+01
0.00358393    	3.224282e+01	1.311541e+01	-3.271992e-01	3.207922e+01	-3.240642e+01
0.00369236    	8.934387e+00	3.715011e+00	2.662723e-01	9.067523e+00	-8.801251e+00
0.00381547    	-1.676798e+00	-6.027926e-01	-9.549030e-02	-1.724543e+00	1.629052e+00
0.00394402    	-5.603934e-01	-2.175853e-01	-5.419335e-02	-5.874900e-01	5.332967e-01
0.00407881    	2.587657e+00	1.023747e+00	1.681730e-01	2.671744e+00	-2.503571e+00
0.0042208     	3.839614e+00	1.526687e+00	2.165933e-02	3.850444e+00	-3.828784e+00
0.00437116    	8.171368e-01	3.044099e-01	-1.466942e-01	7.437897e-01	-8.904839e-01
0.00453142    	1.219802e+00	4.918206e-01	2.548285e-02	1.232543e+00	-1.207060e+00
0.00470317    	1.168987e+00	4.755663e-01	3.423227e-02	1.186103e+00	-1.151871e+00
0.00488783    	4.666547e-01	1.813787e-01	2.200840e-02	4.776589e-01	-4.556505e-01
0.00508668    	-5.152245e-01	-2.145134e-01	2.201903e-02	-5.042150e-01	5.262340e-01
0.0053005     	-2.246510e-01	-1.054944e-01	-4.024233e-03	-2.266631e-01	2.226388e-01
0.0055298     	5.449531e-02	8.349941e-03	1.445124e-02	6.172094e-02	-4.726969e-02
0.00576641    	4.477673e-01	1.742484e-01	-1.339164e-02	4.410715e-01	-4.544632e-01
0.00600851    	5.338354e-01	2.099368e-01	5.154756e-03	5.364128e-01	-5.312580e-01
0.00625753    	6.109336e-01	2.372181e-01	-7.202539e-04	6.105734e-01	-6.112937e-01
0.00651506    	6.243582e-01	2.464231e-01	4.174064e-03	6.264452e-01	-6.222712e-01
0.00678244    	9.463933e-01	3.753164e-01	-1.123201e-02	9.407773e-01	-9.520093e-01
0.00706125    	8.264195e-01	3.295620e-01	8.472615e-03	8.306558e-01	-8.221832e-01
0.00735143    	9.858072e-01	3.970017e-01	1.241246e-02	9.920134e-01	-9.796010e-01
0.00764525    	1.115388e+00	4.508873e-01	-2.056564e-02	1.105106e+00	-1.125671e+00
0.00794345    	1.338871e+00	5.299580e-01	-1.021600e-02	1.333763e+00	-1.343979e+00
0.00824678    	1.349078e+00	5.398709e-01	1.910655e-03	1.350033e+00	-1.348122e+00
0.00855562    	1.424532e+00	5.690218e-01	-7.693029e-03	1.420686e+00	-1.428379e+00
0.00886815    	1.409568e+00	5.658885e-01	1.155527e-02	1.415346e+00	-1.403791e+00
0.00918577    	1.306058e+00	5.198826e-01	2.470165e-04	1.306181e+00	-1.305934e+00
0.00950984    	1.260857e+00	5.030240e-01	-4.368441e-03	1.258673e+00	-1.263042e+00
0.00984172    	1.163975e+00	4.644587e-01	9.574383e-03	1.168762e+00	-1.159187e+00
0.0101795     	1.056750e+00	4.240487e-01	2.176366e-03	1.057838e+00	-1.055662e+00
0.0105215     	9.665863e-01	3.862880e-01	6.927704e-03	9.700501e-01	-9.631224e-01
0.010867      	9.192445e-01	3.677589e-01	-6.841781e-03	9.158236e-01	-9.226654e-01
0.0112162     	9.686397e-01	3.892485e-01	-1.661627e-03	9.678089e-01	-9.694705e-01
0.0115655     	9.698765e-01	3.890032e-01	1.156173e-03	9.704546e-01	-9.692984e-01
0.0119112     	9.871108e-01	3.973881e-01	-3.969982e-03	9.851258e-01	-9.890957e-01
0.0122563     	1.058042e+00	4.244513e-01	-2.454611e-03	1.056815e+00	-1.059269e+00
0.012603      	1.101642e+00	4.407547e-01	7.001243e-03	1.105142e+00	-1.098141e+00
0.012953      	1.046272e+00	4.205668e-01	-7.189924e-03	1.042677e+00	-1.049867e+00
0.0133074     	1.016938e+00	4.088337e-01	-5.212585e-03	1.014332e+00	-1.019545e+00
0.0136674     	9.915275e-01	3.983331e-01	-5.161591e-03	9.889467e-01	-9.941083e-01
0.0140336     	1.013465e+00	4.066410e-01	2.565231e-03	1.014748e+00	-1.012182e+00
0.0144031     	9.846592e-01	3.936528e-01	-5.447873e-03	9.819352e-01	-9.873831e-01
0.0147762     	9.647529e-01	3.862232e-01	1.983669e-03	9.657448e-01	-9.637611e-01
0.015154      	1.016256e+00	4.062722e-01	7.057831e-04	1.016608e+00	-1.015903e+00
0.0155369     	9.458399e-01	3.770834e-01	-3.863168e-03	9.439083e-01	-9.477715e-01
0.015925      	9.265817e-01	3.696380e-01	5.729227e-03	9.294463e-01	-9.237171e-01
0.0163182     	9.691706e-01	3.849983e-01	1.079482e-02	9.745680e-01	-9.637732e-01
0.0167167     	9.515518e-01	3.790624e-01	-2.823998e-03	9.501398e-01	-9.529638e-01
0.0171205     	9.516525e-01	3.801624e-01	-9.092857e-04	9.511978e-01	-9.521071e-01
0.0175298     	9.563554e-01	3.825138e-01	3.755640e-04	9.565432e-01	-9.561676e-01
0.0179451     	9.688493e-01	3.872326e-01	1.629563e-03	9.696641e-01	-9.680346e-01
0.0183669     	9.915776e-01	3.963534e-01	4.461234e-03	9.938082e-01	-9.893470e-01
0.0187883     	1.007993e+00	4.020377e-01	2.759309e-03	1.009373e+00	-1.006613e+00
0.0192094     	9.981505e-01	3.971216e-01	1.938499e-03	9.991198e-01	-9.971813e-01
0.0196304     	9.757490e-01	3.880777e-01	2.508340e-03	9.770032e-01	-9.744949e-01
0.0200511     	9.711610e-01	3.874254e-01	4.625735e-03	9.734738e-01	-9.688481e-01
0.0204716     	9.834138e-01	3.924048e-01	2.241544e-03	9.845346e-01	-9.822930e-01
0.0208918     	9.752535e-01	3.905031e-01	3.106693e-03	9.768068e-01	-9.737001e-01
0.0213116     	9.618170e-01	3.837192e-01	1.871445e-03	9.627527e-01	-9.608813e-01
0.0217308     	9.557516e-01	3.810084e-01	2.725963e-03	9.571146e-01	-9.543887e-01
0.0221489     	9.442498e-01	3.768110e-01	2.453446e-03	9.454765e-01	-9.430231e-01
0.0225656     	9.321958e-01	3.721337e-01	2.802352e-03	9.335970e-01	-9.307947e-01
0.0229809     	9.388816e-01	3.750984e-01	3.463591e-03	9.406134e-01	-9.371498e-01
0.0233947     	9.430655e-01	3.763223e-01	2.269351e-03	9.442002e-01	-9.419308e-01
0.0238068     	9.485462e-01	3.787145e-01	4.721297e-03	9.509068e-01	-9.461855e-01
0.0242172     	9.566327e-01	3.819779e-01	3.280264e-03	9.582728e-01	-9.549925e-01
0.024626      	9.558708e-01	3.818570e-01	2.890054e-03	9.573158e-01	-9.544258e-01
0.025033      	9.515771e-01	3.794407e-01	3.845746e-03	9.535000e-01	-9.496542e-01
0.0254383     	9.518395e-01	3.796426e-01	2.179837e-03	9.529294e-01	-9.507496e-01
0.025842      	9.636838e-01	3.846338e-01	3.679686e-03	9.655236e-01	-9.618440e-01
0.0262442     	9.755073e-01	3.893833e-01	4.830952e-03	9.779228e-01	-9.730918e-01
0.0266449     	9.826568e-01	3.923905e-01	4.006617e-03	9.846601e-01	-9.806535e-01
0.0270443     	9.890320e-01	3.950962e-01	3.766308e-03	9.909151e-01	-9.871488e-01
0.0274426     	9.972545e-01	3.990823e-01	3.541891e-03	9.990255e-01	-9.954836e-01
0.0278398     	1.012396e+00	4.044465e-01	7.337732e-03	1.016065e+00	-1.008727e+00
0.0282361     	1.029876e+00	4.112193e-01	5.170077e-03	1.032461e+00	-1.027291e+00
0.0286317     	1.028844e+00	4.106733e-01	3.370742e-03	1.030529e+00	-1.027158e+00
0.0290268     	1.040264e+00	4.156912e-01	2.530815e-03	1.041529e+00	-1.038999e+00
0.0294215     	1.062890e+00	4.249062e-01	1.026564e-02	1.068023e+00	-1.057757e+00
0.029816      	1.085298e+00	4.340301e-01	7.876541e-03	1.089236e+00	-1.081360e+00
0.0302105     	1.112998e+00	4.451463e-01	4.272331e-03	1.115134e+00	-1.110861e+00
0.0306052     	1.128141e+00	4.514360e-01	4.470898e-03	1.130376e+00	-1.125905e+00
0.0310001     	1.138158e+00	4.554660e-01	7.136080e-03	1.141726e+00	-1.134590e+00
0.0313954     	1.147061e+00	4.592504e-01	7.561875e-03	1.150842e+00	-1.143281e+00
0.0317912     	1.159129e+00	4.633312e-01	5.747900e-03	1.162003e+00	-1.156255e+00
0.0321875     	1.177326e+00	4.702832e-01	7.215087e-03	1.180933e+00	-1.173718e+00
0.0325848     	1.178064e+00	4.709772e-01	6.669247e-03	1.181398e+00	-1.174729e+00
0.0329829     	1.198982e+00	4.790396e-01	7.272806e-03	1.202618e+00	-1.195345e+00
0.0333813     	1.217840e+00	4.868280e-01	7.615230e-03	1.221648e+00	-1.214033e+00
0.0337787     	1.232456e+00	4.924083e-01	6.558628e-03	1.235735e+00	-1.229177e+00
0.0341752     	1.247415e+00	4.985108e-01	7.628075e-03	1.251229e+00	-1.243601e+00
0.0345709     	1.264181e+00	5.051270e-01	5.929244e-03	1.267146e+00	-1.261216e+00
0.034966      	1.276529e+00	5.100972e-01	4.666746e-03	1.278862e+00	-1.274196e+00
0.0353607     	1.288959e+00	5.149833e-01	3.588321e-03	1.290753e+00	-1.287164e+00
0.035755      	1.302018e+00	5.206495e-01	4.395910e-03	1.304216e+00	-1.299821e+00
0.0361491     	1.320867e+00	5.284418e-01	5.530269e-03	1.323632e+00	-1.318102e+00
0.0365432     	1.338048e+00	5.357228e-01	7.007708e-03	1.341551e+00	-1.334544e+00
0.0369374     	1.351769e+00	5.406848e-01	6.295021e-03	1.354917e+00	-1.348622e+00
0.0373316     	1.356272e+00	5.430498e-01	7.075736e-03	1.359809e+00	-1.352734e+00
0.037726      	1.368908e+00	5.480299e-01	7.582792e-03	1.372700e+00	-1.365117e+00
0.0381208     	1.380328e+00	5.515003e-01	6.850792e-03	1.383753e+00	-1.376902e+00
0.038516      	1.394043e+00	5.572055e-01	6.762116e-03	1.397424e+00	-1.390661e+00
0.0389119     	1.405230e+00	5.620206e-01	1.047154e-02	1.410466e+00	-1.399995e+00
0.0393069     	1.408016e+00	5.633843e-01	1.134166e-02	1.413686e+00	-1.402345e+00
0.0397011     	1.411510e+00	5.647817e-01	8.915766e-03	1.415967e+00	-1.407052e+00
0.0400947     	1.432361e+00	5.726916e-01	9.401457e-03	1.437062e+00	-1.427660e+00
0.0404878     	1.458942e+00	5.832738e-01	7.563552e-03	1.462723e+00	-1.455160e+00
0.0408806     	1.475816e+00	5.901352e-01	7.604631e-03	1.479619e+00	-1.472014e+00
0.0412732     	1.482979e+00	5.931602e-01	6.777519e-03	1.486368e+00	-1.479590e+00
0.0416658     	1.511197e+00	6.039688e-01	7.231912e-03	1.514813e+00	-1.507581e+00
0.0420585     	1.539656e+00	6.156124e-01	6.784452e-03	1.543048e+00	-1.536264e+00
0.0424514     	1.550847e+00	6.207022e-01	6.921502e-03	1.554308e+00	-1.547387e+00
0.0428447     	1.568375e+00	6.277780e-01	6.661046e-03	1.571706e+00	-1.565045e+00
0.0432384     	1.579992e+00	6.331952e-01	8.512978e-03	1.584249e+00	-1.575736e+00
0.0436325     	1.595457e+00	6.390107e-01	9.346057e-03	1.600130e+00	-1.590784e+00
0.0440273     	1.611585e+00	6.454450e-01	1.076537e-02	1.616968e+00	-1.606202e+00
0.0444227     	1.630026e+00	6.522049e-01	1.068263e-02	1.635368e+00	-1.624685e+00
0.044819      	1.634949e+00	6.534653e-01	8.956563e-03	1.639428e+00	-1.630471e+00
0.0452163     	1.648819e+00	6.590389e-01	6.828893e-03	1.652233e+00	-1.645404e+00
0.0456146     	1.662872e+00	6.660296e-01	8.414137e-03	1.667079e+00	-1.658665e+00
0.0460141     	1.678894e+00	6.721341e-01	9.884693e-03	1.683836e+00	-1.673952e+00
0.0464148     	1.701670e+00	6.809944e-01	9.878833e-03	1.706610e+00	-1.696731e+00
0.0468169     	1.697686e+00	6.790994e-01	9.367009e-03	1.702370e+00	-1.693003e+00
0.0472204     	1.714626e+00	6.862842e-01	9.651048e-03	1.719452e+00	-1.709801e+00
0.0476255     	1.734275e+00	6.942439e-01	8.648215e-03	1.738599e+00	-1.729951e+00
0.0480317     	1.754289e+00	7.021920e-01	8.470976e-03	1.758525e+00	-1.750054e+00
0.048439      	1.773408e+00	7.097098e-01	8.993574e-03	1.777905e+00	-1.768911e+00
0.0488475     	1.793679e+00	7.177600e-01	9.009337e-03	1.798184e+00	-1.789175e+00
0.0492572     	1.809079e+00	7.237027e-01	9.805058e-03	1.813981e+00	-1.804176e+00
0.0496683     	1.822956e+00	7.295660e-01	1.086815e-02	1.828390e+00	-1.817522e+00
0.0500808     	1.840188e+00	7.359697e-01	1.050082e-02	1.845439e+00	-1.834938e+00
0.0504947     	1.855716e+00	7.424788e-01	9.144250e-03	1.860289e+00	-1.851144e+00
0.0509103     	1.872020e+00	7.486403e-01	1.113605e-02	1.877588e+00	-1.866452e+00
0.0513275     	1.899371e+00	7.601880e-01	9.182144e-03	1.903962e+00	-1.894780e+00
0.0517464     	1.895632e+00	7.588542e-01	9.808361e-03	1.900536e+00	-1.890728e+00
0.052167      	1.914366e+00	7.662579e-01	1.087874e-02	1.919805e+00	-1.908926e+00
0.0525894     	1.931738e+00	7.729062e-01	1.078773e-02	1.937132e+00	-1.926345e+00
0.0530136     	1.948324e+00	7.794428e-01	1.125641e-02	1.953952e+00	-1.942696e+00
0.0534398     	1.964616e+00	7.864871e-01	1.056062e-02	1.969897e+00	-1.959336e+00
0.0538677     	1.983434e+00	7.940316e-01	1.064672e-02	1.988757e+00	-1.978111e+00
0.0542977     	1.999563e+00	8.003255e-01	1.046737e-02	2.004796e+00	-1.994329e+00
0.0547295     	2.017615e+00	8.073240e-01	1.104836e-02	2.023139e+00	-2.012091e+00
0.0551633     	2.031726e+00	8.133529e-01	1.062874e-02	2.037041e+00	-2.026412e+00
0.055599      	2.056849e+00	8.226274e-01	1.123680e-02	2.062467e+00	-2.051230e+00
0.0560366     	2.080010e+00	8.320174e-01	1.266328e-02	2.086341e+00	-2.073678e+00
0.0564762     	2.103198e+00	8.422225e-01	1.284552e-02	2.109620e+00	-2.096775e+00
0.0569177     	2.099018e+00	8.405821e-01	9.975822e-03	2.104005e+00	-2.094030e+00
0.0573611     	2.110864e+00	8.444496e-01	9.089322e-03	2.115409e+00	-2.106320e+00
0.0578063     	2.122903e+00	8.497775e-01	1.018103e-02	2.127994e+00	-2.117813e+00
0.0582535     	2.141474e+00	8.572911e-01	1.042168e-02	2.146684e+00	-2.136263e+00
0.0587024     	2.157505e+00	8.640465e-01	9.117715e-03	2.162064e+00	-2.152946e+00
0.0591531     	2.161958e+00	8.647958e-01	1.094331e-02	2.167430e+00	-2.156487e+00
0.0596056     	2.168776e+00	8.676620e-01	1.351837e-02	2.175535e+00	-2.162017e+00
0.0600598     	2.178900e+00	8.723817e-01	1.214307e-02	2.184972e+00	-2.172829e+00
0.0605156     	2.205693e+00	8.827764e-01	1.423861e-02	2.212813e+00	-2.198574e+00
0.0609731     	2.225396e+00	8.908625e-01	1.191627e-02	2.231354e+00	-2.219438e+00
0.0614321     	2.239244e+00	8.962955e-01	1.138578e-02	2.244936e+00	-2.233551e+00
0.0618926     	2.240640e+00	8.978293e-01	1.183972e-02	2.246560e+00	-2.234720e+00
0.0623546     	2.246849e+00	8.995572e-01	1.206416e-02	2.252881e+00	-2.240817e+00
0.0628181     	2.262026e+00	9.051688e-01	1.308319e-02	2.268568e+00	-2.255484e+00
0.0632829     	2.277992e+00	9.121953e-01	1.304832e-02	2.284516e+00	-2.271468e+00
0.0637491     	2.297163e+00	9.199806e-01	1.337554e-02	2.303850e+00	-2.290475e+00
0.0642165     	2.309240e+00	9.243583e-01	1.594618e-02	2.317213e+00	-2.301267e+00
0.0646852     	2.320109e+00	9.285804e-01	1.278689e-02	2.326502e+00	-2.313715e+00
0.065155      	2.331504e+00	9.334432e-01	1.181675e-02	2.337413e+00	-2.325596e+00
0.065626      	2.345464e+00	9.389687e-01	1.239652e-02	2.351663e+00	-2.339266e+00
0.066098      	2.362454e+00	9.462178e-01	1.270982e-02	2.368809e+00	-2.356099e+00
0.0665712     	2.370409e+00	9.492103e-01	1.302122e-02	2.376920e+00	-2.363899e+00
0.0670453     	2.382676e+00	9.538936e-01	1.382311e-02	2.389588e+00	-2.375765e+00
0.0675204     	2.394703e+00	9.585911e-01	1.402042e-02	2.401714e+00	-2.387693e+00
0.0679965     	2.406983e+00	9.636111e-01	1.329199e-02	2.413629e+00	-2.400337e+00
0.0684734     	2.416919e+00	9.676061e-01	1.358310e-02	2.423711e+00	-2.410128e+00
0.0689512     	2.427814e+00	9.720872e-01	1.369695e-02	2.434662e+00	-2.420965e+00
0.0694299     	2.439192e+00	9.767924e-01	1.422514e-02	2.446304e+00	-2.432079e+00
0.0699094     	2.451064e+00	9.814439e-01	1.425810e-02	2.458193e+00	-2.443935e+00
0.0703897     	2.462636e+00	9.860837e-01	1.422937e-02	2.469751e+00	-2.455522e+00
0.0708707     	2.472716e+00	9.900933e-01	1.454327e-02	2.479987e+00	-2.465444e+00
0.0713525     	2.480298e+00	9.931342e-01	1.544755e-02	2.488022e+00	-2.472575e+00
0.071835      	2.493249e+00	9.978759e-01	1.348792e-02	2.499993e+00	-2.486505e+00
0.0723183     	2.515594e+00	1.007685e+00	1.237186e-02	2.521780e+00	-2.509408e+00
0.0728022     	2.530769e+00	1.013453e+00	1.315584e-02	2.537347e+00	-2.524192e+00
0.0732868     	2.538214e+00	1.016154e+00	1.544436e-02	2.545937e+00	-2.530492e+00
0.0737721     	2.548221e+00	1.020230e+00	1.569521e-02	2.556069e+00	-2.540374e+00
0.0742581     	2.556895e+00	1.023690e+00	1.596563e-02	2.564878e+00	-2.548913e+00
0.0747446     	2.566083e+00	1.027551e+00	1.585713e-02	2.574012e+00	-2.558155e+00
0.0752317     	2.573813e+00	1.030665e+00	1.544656e-02	2.581536e+00	-2.566090e+00
0.0757194     	2.585905e+00	1.035374e+00	1.651430e-02	2.594162e+00	-2.577648e+00
0.0762076     	2.596097e+00	1.039582e+00	1.554446e-02	2.603869e+00	-2.588324e+00
0.0766964     	2.603854e+00	1.042657e+00	1.743855e-02	2.612574e+00	-2.595135e+00
0.0771857     	2.614147e+00	1.046885e+00	1.768753e-02	2.622990e+00	-2.605303e+00
0.0776755     	2.628290e+00	1.052472e+00	1.768900e-02	2.637134e+00	-2.619445e+00
0.0781658     	2.633859e+00	1.054702e+00	1.570848e-02	2.641713e+00	-2.626005e+00
0.0786567     	2.633232e+00	1.054337e+00	1.652533e-02	2.641495e+00	-2.624970e+00
0.0791481     	2.640456e+00	1.057317e+00	1.652792e-02	2.648720e+00	-2.632192e+00
0.07964       	2.646976e+00	1.059979e+00	1.585275e-02	2.654903e+00	-2.639050e+00
0.0801324     	2.650972e+00	1.061639e+00	1.614624e-02	2.659045e+00	-2.642899e+00
0.0806254     	2.654006e+00	1.062837e+00	1.644371e-02	2.662228e+00	-2.645784e+00
0.0811188     	2.667086e+00	1.068340e+00	1.676122e-02	2.675466e+00	-2.658705e+00
0.0816127     	2.676882e+00	1.072076e+00	1.684721e-02	2.685305e+00	-2.668458e+00
0.0821071     	2.683047e+00	1.074541e+00	1.678161e-02	2.691438e+00	-2.674656e+00
0.082602      	2.688366e+00	1.076744e+00	1.711048e-02	2.696921e+00	-2.679811e+00
0.0830973     	2.693805e+00	1.078986e+00	1.735083e-02	2.702480e+00	-2.685130e+00
0.0835931     	2.699479e+00	1.081056e+00	1.755086e-02	2.708254e+00	-2.690704e+00
0.0840893     	2.702432e+00	1.082583e+00	1.789440e-02	2.711379e+00	-2.693485e+00
0.084586      	2.708512e+00	1.084940e+00	1.783213e-02	2.717428e+00	-2.699596e+00
0.0850831     	2.715426e+00	1.087449e+00	1.782986e-02	2.724340e+00	-2.706511e+00
0.0855806     	2.711981e+00	1.086452e+00	1.713590e-02	2.720549e+00	-2.703414e+00
0.0860786     	2.714609e+00	1.087489e+00	1.758528e-02	2.723401e+00	-2.705816e+00
0.0865769     	2.716586e+00	1.087824e+00	1.858107e-02	2.725877e+00	-2.707296e+00
0.0870755     	2.714993e+00	1.087463e+00	1.819559e-02	2.724090e+00	-2.705895e+00
0.0875746     	2.718846e+00	1.089048e+00	1.816089e-02	2.727927e+00	-2.709766e+00
0.088074      	2.723106e+00	1.090765e+00	1.816633e-02	2.732189e+00	-2.714022e+00
0.0885737     	2.728092e+00	1.092820e+00	1.812442e-02	2.737154e+00	-2.719029e+00
0.0890737     	2.732206e+00	1.094405e+00	1.870353e-02	2.741558e+00	-2.722854e+00
0.0895741     	2.735155e+00	1.095490e+00	1.925786e-02	2.744784e+00	-2.725526e+00
0.0900747     	2.737507e+00	1.096558e+00	1.896317e-02	2.746989e+00	-2.728025e+00
0.0905755     	2.740888e+00	1.097964e+00	1.907002e-02	2.750423e+00	-2.731353e+00
0.0910767     	2.745957e+00	1.099993e+00	1.917879e-02	2.755547e+00	-2.736368e+00
0.0915781     	2.750291e+00	1.101768e+00	1.910964e-02	2.759846e+00	-2.740736e+00
0.0920797     	2.754290e+00	1.103362e+00	1.912748e-02	2.763854e+00	-2.744726e+00
0.0925815     	2.757335e+00	1.104529e+00	1.975231e-02	2.767211e+00	-2.747459e+00
0.0930835     	2.763849e+00	1.107315e+00	1.957215e-02	2.773635e+00	-2.754063e+00
0.0935857     	2.774357e+00	1.111242e+00	1.981076e-02	2.784262e+00	-2.764451e+00
0.0940881     	2.775005e+00	1.111756e+00	1.888490e-02	2.784447e+00	-2.765562e+00
0.0945906     	2.776234e+00	1.112196e+00	1.900509e-02	2.785737e+00	-2.766731e+00
0.0950932     	2.780725e+00	1.114020e+00	1.950903e-02	2.790480e+00	-2.770971e+00
0.095596      	2.779895e+00	1.113660e+00	2.031979e-02	2.790055e+00	-2.769735e+00
0.0960989     	2.782875e+00	1.114874e+00	2.053895e-02	2.793144e+00	-2.772605e+00
0.0966019     	2.786681e+00	1.116427e+00	2.077740e-02	2.797070e+00	-2.776293e+00
0.097105      	2.791285e+00	1.118458e+00	2.116358e-02	2.801867e+00	-2.780703e+00
0.0976081     	2.797312e+00	1.120808e+00	2.157957e-02	2.808102e+00	-2.786522e+00
0.0981113     	2.802958e+00	1.122521e+00	2.006197e-02	2.812989e+00	-2.792928e+00
0.0986146     	2.801736e+00	1.122292e+00	2.031657e-02	2.811894e+00	-2.791578e+00
0.0991179     	2.801260e+00	1.122261e+00	2.067270e-02	2.811597e+00	-2.790924e+00
0.0996212     	2.800069e+00	1.121833e+00	1.987380e-02	2.810005e+00	-2.790132e+00
0.100124      	2.804488e+00	1.123622e+00	1.949849e-02	2.814237e+00	-2.794738e+00
0.100628      	2.803543e+00	1.123170e+00	1.967930e-02	2.813383e+00	-2.793704e+00
0.101131      	2.806267e+00	1.124329e+00	1.950536e-02	2.816019e+00	-2.796514e+00
0.101634      	2.808768e+00	1.125363e+00	1.988987e-02	2.818713e+00	-2.798823e+00
0.102138      	2.813077e+00	1.127144e+00	2.038895e-02	2.823271e+00	-2.802882e+00
0.102641      	2.818630e+00	1.129286e+00	2.093104e-02	2.829095e+00	-2.808164e+00
0.103144      	2.818325e+00	1.129169e+00	2.218058e-02	2.829416e+00	-2.807235e+00
0.103647      	2.819283e+00	1.129546e+00	2.207739e-02	2.830322e+00	-2.808244e+00
0.10415       	2.824657e+00	1.131602e+00	2.078623e-02	2.835050e+00	-2.814264e+00
0.104653      	2.828198e+00	1.133136e+00	2.006119e-02	2.838229e+00	-2.818168e+00
0.105156      	2.830428e+00	1.133998e+00	2.005603e-02	2.840456e+00	-2.820400e+00
0.105659      	2.831156e+00	1.134347e+00	1.963032e-02	2.840971e+00	-2.821341e+00
0.106162      	2.838354e+00	1.137227e+00	2.081936e-02	2.848764e+00	-2.827945e+00
0.106664      	2.838423e+00	1.137355e+00	2.180975e-02	2.849328e+00	-2.827518e+00
0.107167      	2.843426e+00	1.139140e+00	2.207456e-02	2.854463e+00	-2.832388e+00
0.10767       	2.849888e+00	1.141830e+00	2.042004e-02	2.860098e+00	-2.839678e+00
0.108172      	2.850196e+00	1.142027e+00	2.086928e-02	2.860630e+00	-2.839761e+00
0.108674      	2.852925e+00	1.143049e+00	2.035100e-02	2.863101e+00	-2.842750e+00
0.109176      	2.854638e+00	1.143788e+00	2.027977e-02	2.864778e+00	-2.844498e+00
0.109678      	2.857395e+00	1.144823e+00	2.075053e-02	2.867770e+00	-2.847019e+00
0.11018       	2.860243e+00	1.145948e+00	2.117079e-02	2.870828e+00	-2.849657e+00
0.110682      	2.864391e+00	1.147559e+00	2.108670e-02	2.874934e+00	-2.853848e+00
0.111184      	2.866862e+00	1.148627e+00	2.092323e-02	2.877324e+00	-2.856401e+00
0.111685      	2.870934e+00	1.150258e+00	2.040818e-02	2.881138e+00	-2.860730e+00
0.112187      	2.873294e+00	1.151347e+00	2.075641e-02	2.883673e+00	-2.862916e+00
0.112688      	2.877273e+00	1.152939e+00	2.089148e-02	2.887719e+00	-2.866828e+00
0.11319       	2.880899e+00	1.154419e+00	2.078036e-02	2.891290e+00	-2.870509e+00
0.113691      	2.884209e+00	1.155774e+00	2.041596e-02	2.894417e+00	-2.874001e+00
0.114192      	2.887189e+00	1.156849e+00	2.007653e-02	2.897227e+00	-2.877151e+00
0.114693      	2.891148e+00	1.158551e+00	2.059846e-02	2.901447e+00	-2.880849e+00
0.115194      	2.895094e+00	1.160019e+00	2.098567e-02	2.905587e+00	-2.884601e+00
0.115694      	2.899260e+00	1.161773e+00	2.090100e-02	2.909710e+00	-2.888809e+00
0.116195      	2.902424e+00	1.162857e+00	2.051525e-02	2.912682e+00	-2.892167e+00
0.116696      	2.902806e+00	1.163199e+00	1.976261e-02	2.912687e+00	-2.892925e+00
0.117196      	2.908154e+00	1.165580e+00	2.181717e-02	2.919062e+00	-2.897245e+00
0.117697      	2.910646e+00	1.166429e+00	2.229372e-02	2.921792e+00	-2.899499e+00
0.118197      	2.920548e+00	1.170173e+00	2.459520e-02	2.932845e+00	-2.908250e+00
0.118698      	2.922148e+00	1.170831e+00	2.276560e-02	2.933530e+00	-2.910765e+00
0.119198      	2.926796e+00	1.172636e+00	2.093410e-02	2.937263e+00	-2.916329e+00
0.119698      	2.930942e+00	1.174476e+00	2.022062e-02	2.941053e+00	-2.920832e+00
0.120199      	2.935559e+00	1.176422e+00	2.034291e-02	2.945730e+00	-2.925387e+00
0.120699      	2.941616e+00	1.178867e+00	1.969132e-02	2.951462e+00	-2.931770e+00
0.121199      	2.943072e+00	1.179601e+00	1.966843e-02	2.952906e+00	-2.933237e+00
0.121699      	2.946873e+00	1.181017e+00	2.130580e-02	2.957526e+00	-2.936220e+00
0.122199      	2.950328e+00	1.182393e+00	2.143773e-02	2.961047e+00	-2.939609e+00
0.122699      	2.953452e+00	1.183624e+00	2.153993e-02	2.964222e+00	-2.942682e+00
0.1232        	2.960366e+00	1.186222e+00	2.068843e-02	2.970710e+00	-2.950022e+00
0.1237        	2.965723e+00	1.188446e+00	2.055305e-02	2.976000e+00	-2.955447e+00
0.1242        	2.969527e+00	1.190053e+00	2.114693e-02	2.980101e+00	-2.958954e+00
0.1247        	2.973406e+00	1.191705e+00	2.003190e-02	2.983422e+00	-2.963390e+00
0.1252        	2.977784e+00	1.193358e+00	1.956684e-02	2.987568e+00	-2.968001e+00
0.1257        	2.983297e+00	1.195620e+00	2.048706e-02	2.993540e+00	-2.973053e+00
0.126201      	2.987396e+00	1.197254e+00	2.100234e-02	2.997898e+00	-2.976895e+00
0.126701      	2.991940e+00	1.199098e+00	2.142578e-02	3.002653e+00	-2.981227e+00
0.127202      	2.995635e+00	1.200587e+00	2.188188e-02	3.006575e+00	-2.984694e+00
0.127702      	3.002065e+00	1.202998e+00	2.054730e-02	3.012339e+00	-2.991792e+00
0.128202      	3.007415e+00	1.205358e+00	2.060059e-02	3.017715e+00	-2.997114e+00
0.128703      	3.016117e+00	1.208981e+00	2.264909e-02	3.027442e+00	-3.004793e+00
0.129204      	3.020931e+00	1.210630e+00	2.293127e-02	3.032396e+00	-3.009465e+00
0.129704      	3.024415e+00	1.211875e+00	2.187530e-02	3.035353e+00	-3.013477e+00
0.130205      	3.029497e+00	1.214075e+00	2.076475e-02	3.039879e+00	-3.019115e+00
0.130706      	3.034971e+00	1.216098e+00	2.079951e-02	3.045371e+00	-3.024571e+00
0.131207      	3.038986e+00	1.217873e+00	2.021544e-02	3.049094e+00	-3.028879e+00
0.131708      	3.045381e+00	1.220623e+00	1.994682e-02	3.055354e+00	-3.035408e+00
0.13221       	3.051286e+00	1.222964e+00	2.123996e-02	3.061906e+00	-3.040666e+00
0.132711      	3.057295e+00	1.225392e+00	2.148217e-02	3.068036e+00	-3.046554e+00
0.133212      	3.063138e+00	1.227723e+00	2.149540e-02	3.073886e+00	-3.052390e+00
0.133714      	3.068239e+00	1.229729e+00	2.187743e-02	3.079177e+00	-3.057300e+00
0.134216      	3.075530e+00	1.232637e+00	2.099083e-02	3.086026e+00	-3.065035e+00
0.134718      	3.081418e+00	1.234961e+00	2.107239e-02	3.091954e+00	-3.070882e+00
0.13522       	3.087506e+00	1.237334e+00	2.105729e-02	3.098035e+00	-3.076978e+00
0.135722      	3.091804e+00	1.238999e+00	2.135478e-02	3.102482e+00	-3.081127e+00
0.136224      	3.098352e+00	1.241718e+00	2.026424e-02	3.108484e+00	-3.088219e+00
0.136726      	3.104659e+00	1.244220e+00	2.072263e-02	3.115020e+00	-3.094297e+00
0.137229      	3.111509e+00	1.246972e+00	2.151600e-02	3.122267e+00	-3.100751e+00
0.137732      	3.117399e+00	1.249382e+00	2.173907e-02	3.128268e+00	-3.106529e+00
0.138234      	3.123558e+00	1.251832e+00	2.190554e-02	3.134511e+00	-3.112605e+00
0.138737      	3.129763e+00	1.254391e+00	2.224382e-02	3.140885e+00	-3.118642e+00
0.139241      	3.136477e+00	1.257175e+00	2.131086e-02	3.147132e+00	-3.125822e+00
0.139744      	3.143149e+00	1.259747e+00	2.106237e-02	3.153680e+00	-3.132618e+00
0.140247      	3.149576e+00	1.262283e+00	2.121409e-02	3.160183e+00	-3.138969e+00
0.140751      	3.155648e+00	1.264666e+00	2.221535e-02	3.166756e+00	-3.144540e+00
0.141255      	3.162196e+00	1.267260e+00	2.316600e-02	3.173779e+00	-3.150613e+00
0.141759      	3.169151e+00	1.270041e+00	2.261954e-02	3.180461e+00	-3.157841e+00
0.142263      	3.174217e+00	1.271870e+00	2.168571e-02	3.185060e+00	-3.163374e+00
0.142768      	3.178649e+00	1.273935e+00	2.185640e-02	3.189577e+00	-3.167721e+00
0.143272      	3.188082e+00	1.277580e+00	2.162844e-02	3.198897e+00	-3.177268e+00
0.143777      	3.195668e+00	1.280716e+00	2.095238e-02	3.206144e+00	-3.185191e+00
0.144282      	3.201117e+00	1.283066e+00	2.117747e-02	3.211706e+00	-3.190528e+00
0.144787      	3.208864e+00	1.285958e+00	2.124406e-02	3.219486e+00	-3.198242e+00
0.145292      	3.214999e+00	1.288339e+00	2.143773e-02	3.225718e+00	-3.204281e+00
0.145798      	3.221412e+00	1.291061e+00	2.167117e-02	3.232248e+00	-3.210577e+00
0.146304      	3.226756e+00	1.293057e+00	2.236215e-02	3.237937e+00	-3.215575e+00
0.146809      	3.229589e+00	1.294148e+00	2.279112e-02	3.240984e+00	-3.218193e+00
0.147316      	3.238527e+00	1.297903e+00	2.267855e-02	3.249867e+00	-3.227188e+00
0.147822      	3.246496e+00	1.301128e+00	2.285375e-02	3.257923e+00	-3.235069e+00
0.148328      	3.253209e+00	1.303956e+00	2.282718e-02	3.264623e+00	-3.241796e+00
0.148835      	3.260422e+00	1.306847e+00	2.313651e-02	3.271990e+00	-3.248853e+00
0.149342      	3.268348e+00	1.310088e+00	2.317376e-02	3.279935e+00	-3.256761e+00
0.149849      	3.275345e+00	1.313044e+00	2.296375e-02	3.286827e+00	-3.263863e+00
0.150357      	3.283107e+00	1.316062e+00	2.300267e-02	3.294608e+00	-3.271606e+00
0.150864      	3.292877e+00	1.320078e+00	2.276075e-02	3.304257e+00	-3.281496e+00
0.151372      	3.302995e+00	1.323876e+00	2.261289e-02	3.314301e+00	-3.291689e+00
0.15188       	3.312080e+00	1.327365e+00	2.306460e-02	3.323612e+00	-3.300547e+00
0.152388      	3.318787e+00	1.330103e+00	2.365174e-02	3.330613e+00	-3.306961e+00
0.152896      	3.326153e+00	1.332867e+00	2.422090e-02	3.338263e+00	-3.314042e+00
0.153405      	3.331708e+00	1.334927e+00	2.440183e-02	3.343909e+00	-3.319507e+00
0.153914      	3.337514e+00	1.337285e+00	2.438994e-02	3.349709e+00	-3.325319e+00
0.154423      	3.342260e+00	1.339191e+00	2.344667e-02	3.353984e+00	-3.330537e+00
0.154932      	3.349152e+00	1.342055e+00	2.368810e-02	3.360996e+00	-3.337308e+00
0.155442      	3.358105e+00	1.345604e+00	2.381722e-02	3.370014e+00	-3.346196e+00
0.155951      	3.366598e+00	1.349126e+00	2.355499e-02	3.378375e+00	-3.354820e+00
0.156461      	3.374621e+00	1.352453e+00	2.344617e-02	3.386344e+00	-3.362898e+00
0.156972      	3.379994e+00	1.354719e+00	2.322950e-02	3.391608e+00	-3.368379e+00
0.157482      	3.386365e+00	1.357311e+00	2.363234e-02	3.398181e+00	-3.374549e+00
0.157993      	3.392660e+00	1.359554e+00	2.397574e-02	3.404648e+00	-3.380672e+00
0.158503      	3.398795e+00	1.361898e+00	2.501588e-02	3.411303e+00	-3.386287e+00
0.159015      	3.406500e+00	1.364917e+00	2.530244e-02	3.419151e+00	-3.393848e+00
0.159526      	3.412502e+00	1.367375e+00	2.533852e-02	3.425172e+00	-3.399833e+00
0.160037      	3.418948e+00	1.369908e+00	2.530697e-02	3.431602e+00	-3.406295e+00
0.160549      	3.424202e+00	1.371998e+00	2.473717e-02	3.436571e+00	-3.411834e+00
0.161061      	3.431292e+00	1.374942e+00	2.477197e-02	3.443678e+00	-3.418906e+00
0.161574      	3.438563e+00	1.377819e+00	2.517889e-02	3.451153e+00	-3.425974e+00
0.162086      	3.444939e+00	1.380392e+00	2.546686e-02	3.457673e+00	-3.432206e+00
0.162599      	3.451034e+00	1.382788e+00	2.591260e-02	3.463990e+00	-3.438077e+00
0.163112      	3.457198e+00	1.385223e+00	2.610052e-02	3.470248e+00	-3.444148e+00
0.163625      	3.463308e+00	1.387621e+00	2.629558e-02	3.476456e+00	-3.450160e+00
0.164138      	3.469591e+00	1.390129e+00	2.649239e-02	3.482837e+00	-3.456345e+00
0.164652      	3.475628e+00	1.392448e+00	2.653318e-02	3.488895e+00	-3.462361e+00
0.165166      	3.481839e+00	1.394951e+00	2.668423e-02	3.495181e+00	-3.468497e+00
0.16568       	3.487614e+00	1.397294e+00	2.712522e-02	3.501176e+00	-3.474051e+00
0.166195      	3.493682e+00	1.399708e+00	2.725495e-02	3.507310e+00	-3.480055e+00
0.166709      	3.499694e+00	1.402054e+00	2.740612e-02	3.513398e+00	-3.485991e+00
0.167224      	3.505857e+00	1.404503e+00	2.719711e-02	3.519455e+00	-3.492258e+00
0.167739      	3.511646e+00	1.406858e+00	2.730934e-02	3.525300e+00	-3.497991e+00
0.168255      	3.517247e+00	1.409041e+00	2.745923e-02	3.530977e+00	-3.503518e+00
0.16877       	3.522082e+00	1.410926e+00	2.788034e-02	3.536022e+00	-3.508142e+00
0.169286      	3.526799e+00	1.412822e+00	2.805624e-02	3.540827e+00	-3.512771e+00
0.169802      	3.532616e+00	1.415224e+00	2.816546e-02	3.546698e+00	-3.518533e+00
0.170319      	3.536795e+00	1.416925e+00	2.846914e-02	3.551029e+00	-3.522560e+00
0.170835      	3.541522e+00	1.418653e+00	2.898148e-02	3.556013e+00	-3.527031e+00
0.171352      	3.547909e+00	1.421167e+00	2.929291e-02	3.562555e+00	-3.533262e+00
0.171869      	3.552927e+00	1.423348e+00	2.929307e-02	3.567574e+00	-3.538280e+00
0.172386      	3.558801e+00	1.425694e+00	2.951639e-02	3.573560e+00	-3.544043e+00
0.172904      	3.561764e+00	1.426996e+00	2.945950e-02	3.576494e+00	-3.547035e+00
0.173422      	3.567541e+00	1.429105e+00	2.964484e-02	3.582364e+00	-3.552719e+00
0.17394       	3.573200e+00	1.431220e+00	2.999338e-02	3.588197e+00	-3.558204e+00
0.174458      	3.576330e+00	1.432409e+00	3.043540e-02	3.591548e+00	-3.561113e+00
0.174977      	3.579862e+00	1.433815e+00	3.072239e-02	3.595224e+00	-3.564501e+00
0.175496      	3.583126e+00	1.435108e+00	3.095119e-02	3.598602e+00	-3.567651e+00
0.176015      	3.587252e+00	1.436746e+00	3.119663e-02	3.602851e+00	-3.571654e+00
0.176534      	3.592453e+00	1.438769e+00	3.154770e-02	3.608227e+00	-3.576679e+00
0.177053      	3.597177e+00	1.440628e+00	3.135987e-02	3.612857e+00	-3.581497e+00
0.177573      	3.599865e+00	1.441852e+00	3.132191e-02	3.615526e+00	-3.584204e+00
0.178093      	3.602482e+00	1.442951e+00	3.154839e-02	3.618257e+00	-3.586708e+00
0.178613      	3.606310e+00	1.444377e+00	3.187464e-02	3.622248e+00	-3.590373e+00
0.179133      	3.610663e+00	1.445949e+00	3.220873e-02	3.626768e+00	-3.594559e+00
0.179654      	3.614718e+00	1.447466e+00	3.255537e-02	3.630995e+00	-3.598440e+00
0.180174      	3.616117e+00	1.447905e+00	3.261764e-02	3.632426e+00	-3.599809e+00
0.180695      	3.616204e+00	1.448017e+00	3.298569e-02	3.632697e+00	-3.599711e+00
0.181216      	3.618066e+00	1.448699e+00	3.330075e-02	3.634716e+00	-3.601415e+00
0.181738      	3.623746e+00	1.450878e+00	3.354792e-02	3.640520e+00	-3.606972e+00
0.182259      	3.629545e+00	1.453147e+00	3.367836e-02	3.646384e+00	-3.612705e+00
0.182781      	3.629550e+00	1.453412e+00	3.377566e-02	3.646438e+00	-3.612662e+00
0.183303      	3.627707e+00	1.452935e+00	3.410379e-02	3.644759e+00	-3.610655e+00
0.183825      	3.628538e+00	1.453305e+00	3.444850e-02	3.645762e+00	-3.611314e+00
0.184348      	3.633216e+00	1.454756e+00	3.487719e-02	3.650655e+00	-3.615778e+00
0.18487       	3.639360e+00	1.456885e+00	3.539119e-02	3.657056e+00	-3.621665e+00
0.185393      	3.642784e+00	1.458185e+00	3.586189e-02	3.660715e+00	-3.624853e+00
0.185916      	3.642649e+00	1.458339e+00	3.578146e-02	3.660539e+00	-3.624758e+00
0.186439      	3.643279e+00	1.458982e+00	3.582677e-02	3.661193e+00	-3.625366e+00
0.186963      	3.643347e+00	1.458922e+00	3.586776e-02	3.661281e+00	-3.625413e+00
0.187487      	3.644085e+00	1.458876e+00	3.641281e-02	3.662292e+00	-3.625879e+00
0.18801       	3.648027e+00	1.460130e+00	3.691619e-02	3.666485e+00	-3.629569e+00
0.188535      	3.649028e+00	1.460740e+00	3.716135e-02	3.667609e+00	-3.630447e+00
0.189059      	3.648912e+00	1.460747e+00	3.764462e-02	3.667734e+00	-3.630089e+00
0.189584      	3.650470e+00	1.461328e+00	3.765600e-02	3.669298e+00	-3.631642e+00
0.190108      	3.650728e+00	1.461400e+00	3.788196e-02	3.669669e+00	-3.631787e+00
0.190633      	3.652203e+00	1.461914e+00	3.828856e-02	3.671347e+00	-3.633059e+00
0.191159      	3.652409e+00	1.461978e+00	3.854699e-02	3.671682e+00	-3.633135e+00
0.191684      	3.652787e+00	1.462099e+00	3.857036e-02	3.672072e+00	-3.633501e+00
0.19221       	3.654119e+00	1.462543e+00	3.920016e-02	3.673719e+00	-3.634519e+00
0.192736      	3.653539e+00	1.462165e+00	3.997539e-02	3.673526e+00	-3.633551e+00
0.193262      	3.652997e+00	1.461865e+00	4.013400e-02	3.673064e+00	-3.632930e+00
0.193788      	3.653394e+00	1.462001e+00	4.036402e-02	3.673576e+00	-3.633212e+00
0.194314      	3.652651e+00	1.461748e+00	4.052065e-02	3.672911e+00	-3.632391e+00
0.194841      	3.652632e+00	1.461724e+00	4.081925e-02	3.673042e+00	-3.632223e+00
0.195368      	3.652528e+00	1.461541e+00	4.096585e-02	3.673011e+00	-3.632045e+00
0.195895      	3.651732e+00	1.461460e+00	4.109279e-02	3.672279e+00	-3.631186e+00
0.196423      	3.652267e+00	1.461668e+00	4.147438e-02	3.673004e+00	-3.631530e+00
0.19695       	3.651953e+00	1.461544e+00	4.146587e-02	3.672686e+00	-3.631220e+00
0.197478      	3.651389e+00	1.461235e+00	4.152086e-02	3.672150e+00	-3.630629e+00
0.198006      	3.649870e+00	1.460635e+00	4.180782e-02	3.670774e+00	-3.628966e+00
0.198534      	3.650225e+00	1.460553e+00	4.210219e-02	3.671276e+00	-3.629174e+00
0.199063      	3.648854e+00	1.459954e+00	4.244326e-02	3.670076e+00	-3.627632e+00
0.199592      	3.647429e+00	1.459362e+00	4.298847e-02	3.668924e+00	-3.625935e+00
0.20012       	3.648489e+00	1.459757e+00	4.341620e-02	3.670197e+00	-3.626781e+00
0.200649      	3.646966e+00	1.459265e+00	4.363102e-02	3.668782e+00	-3.625151e+00
0.201179      	3.645174e+00	1.458452e+00	4.413131e-02	3.667240e+00	-3.623109e+00
0.201708      	3.643622e+00	1.457762e+00	4.408983e-02	3.665667e+00	-3.621578e+00
0.202238      	3.641400e+00	1.457076e+00	4.418183e-02	3.663491e+00	-3.619309e+00
0.202768      	3.638979e+00	1.455897e+00	4.452027e-02	3.661240e+00	-3.616719e+00
0.203298      	3.636583e+00	1.454671e+00	4.481251e-02	3.658989e+00	-3.614176e+00
0.203828      	3.634286e+00	1.453555e+00	4.519037e-02	3.656881e+00	-3.611691e+00
0.204359      	3.631756e+00	1.452457e+00	4.551444e-02	3.654514e+00	-3.608999e+00
0.20489       	3.632134e+00	1.452485e+00	4.563387e-02	3.654951e+00	-3.609317e+00
0.205421      	3.631994e+00	1.452683e+00	4.579825e-02	3.654893e+00	-3.609095e+00
0.205952      	3.629057e+00	1.451661e+00	4.586859e-02	3.651991e+00	-3.606122e+00
0.206483      	3.625523e+00	1.450448e+00	4.639177e-02	3.648719e+00	-3.602327e+00
0.207015      	3.622839e+00	1.449395e+00	4.666733e-02	3.646173e+00	-3.599506e+00
0.207547      	3.620563e+00	1.448409e+00	4.700676e-02	3.644066e+00	-3.597059e+00
0.208079      	3.619299e+00	1.447689e+00	4.722621e-02	3.642912e+00	-3.595685e+00
0.208611      	3.617787e+00	1.446981e+00	4.750390e-02	3.641539e+00	-3.594035e+00
0.209143      	3.615522e+00	1.446077e+00	4.754233e-02	3.639293e+00	-3.591751e+00
0.209676      	3.613210e+00	1.445084e+00	4.792867e-02	3.637174e+00	-3.589245e+00
0.210209      	3.610789e+00	1.444063e+00	4.812643e-02	3.634852e+00	-3.586726e+00
0.210742      	3.607529e+00	1.442840e+00	4.843244e-02	3.631746e+00	-3.583313e+00
0.211275      	3.605530e+00	1.442005e+00	4.885213e-02	3.629956e+00	-3.581104e+00
0.211808      	3.601846e+00	1.440686e+00	4.902038e-02	3.626356e+00	-3.577336e+00
0.212342      	3.597611e+00	1.438695e+00	4.930994e-02	3.622266e+00	-3.572956e+00
0.212875      	3.594459e+00	1.437281e+00	4.981565e-02	3.619367e+00	-3.569552e+00
0.213409      	3.592301e+00	1.436393e+00	5.020406e-02	3.617403e+00	-3.567199e+00
0.213943      	3.589698e+00	1.435347e+00	5.054477e-02	3.614971e+00	-3.564426e+00
0.214478      	3.587058e+00	1.434243e+00	5.067512e-02	3.612396e+00	-3.561721e+00
0.215012      	3.584126e+00	1.433067e+00	5.090056e-02	3.609576e+00	-3.558676e+00
0.215547      	3.580039e+00	1.431592e+00	5.093490e-02	3.605507e+00	-3.554572e+00
0.216082      	3.576902e+00	1.430332e+00	5.138938e-02	3.602596e+00	-3.551207e+00
0.216617      	3.574418e+00	1.429257e+00	5.165251e-02	3.600244e+00	-3.548592e+00
0.217152      	3.573055e+00	1.428750e+00	5.205390e-02	3.599082e+00	-3.547028e+00
0.217687      	3.570303e+00	1.427521e+00	5.214783e-02	3.596377e+00	-3.544229e+00
0.218223      	3.567215e+00	1.426269e+00	5.225199e-02	3.593341e+00	-3.541089e+00
0.218759      	3.564290e+00	1.425223e+00	5.260083e-02	3.590591e+00	-3.537990e+00
0.219294      	3.560923e+00	1.423915e+00	5.287009e-02	3.587358e+00	-3.534488e+00
0.21983       	3.559431e+00	1.423213e+00	5.313807e-02	3.586000e+00	-3.532862e+00
0.220367      	3.554925e+00	1.421492e+00	5.324123e-02	3.581546e+00	-3.528304e+00
0.220903      	3.552191e+00	1.420206e+00	5.327599e-02	3.578829e+00	-3.525553e+00
0.22144       	3.550730e+00	1.419568e+00	5.362403e-02	3.577542e+00	-3.523918e+00
0.221976      	3.546669e+00	1.418155e+00	5.376630e-02	3.573553e+00	-3.519786e+00
0.222513      	3.543488e+00	1.416911e+00	5.391699e-02	3.570446e+00	-3.516529e+00
0.22305       	3.540304e+00	1.415518e+00	5.433147e-02	3.567470e+00	-3.513138e+00
0.223588      	3.536903e+00	1.414006e+00	5.487983e-02	3.564343e+00	-3.509463e+00
0.224125      	3.533905e+00	1.412734e+00	5.511980e-02	3.561465e+00	-3.506345e+00
0.224663      	3.530633e+00	1.411461e+00	5.519762e-02	3.558232e+00	-3.503034e+00
0.2252        	3.529008e+00	1.410669e+00	5.548622e-02	3.556752e+00	-3.501265e+00
0.225738      	3.526102e+00	1.409528e+00	5.610169e-02	3.554152e+00	-3.498051e+00
0.226276      	3.522941e+00	1.408283e+00	5.609771e-02	3.550990e+00	-3.494892e+00
0.226814      	3.519549e+00	1.406964e+00	5.604011e-02	3.547569e+00	-3.491529e+00
0.227353      	3.517320e+00	1.406012e+00	5.614483e-02	3.545392e+00	-3.489248e+00
0.227891      	3.513566e+00	1.404662e+00	5.611017e-02	3.541622e+00	-3.485511e+00
0.22843       	3.509393e+00	1.403032e+00	5.632255e-02	3.537554e+00	-3.481232e+00
0.228968      	3.506201e+00	1.401745e+00	5.659581e-02	3.534499e+00	-3.477903e+00
0.229507      	3.503759e+00	1.400790e+00	5.688796e-02	3.532203e+00	-3.475315e+00
0.230046      	3.501027e+00	1.399599e+00	5.714068e-02	3.529598e+00	-3.472457e+00
0.230585      	3.497546e+00	1.398192e+00	5.743062e-02	3.526261e+00	-3.468830e+00
0.231125      	3.494230e+00	1.396951e+00	5.773507e-02	3.523098e+00	-3.465362e+00
0.231664      	3.491761e+00	1.395771e+00	5.797228e-02	3.520747e+00	-3.462775e+00
0.232204      	3.489367e+00	1.394758e+00	5.828589e-02	3.518510e+00	-3.460224e+00
0.232744      	3.486576e+00	1.393639e+00	5.852492e-02	3.515838e+00	-3.457313e+00
0.233283      	3.483304e+00	1.392347e+00	5.878957e-02	3.512699e+00	-3.453909e+00
0.233823      	3.481594e+00	1.391549e+00	5.899034e-02	3.511090e+00	-3.452099e+00
0.234364      	3.478769e+00	1.390446e+00	5.928342e-02	3.508411e+00	-3.449128e+00
0.234904      	3.475189e+00	1.389225e+00	5.948811e-02	3.504933e+00	-3.445445e+00
0.235444      	3.471948e+00	1.387953e+00	5.940301e-02	3.501650e+00	-3.442246e+00
0.235985      	3.469374e+00	1.386938e+00	5.946452e-02	3.499107e+00	-3.439642e+00
0.236525      	3.466385e+00	1.385779e+00	5.970425e-02	3.496237e+00	-3.436533e+00
0.237066      	3.464379e+00	1.385115e+00	6.005891e-02	3.494409e+00	-3.434350e+00
0.237607      	3.461463e+00	1.383976e+00	6.032974e-02	3.491628e+00	-3.431298e+00
0.238148      	3.458743e+00	1.382751e+00	6.058388e-02	3.489035e+00	-3.428451e+00
0.238689      	3.456360e+00	1.381693e+00	6.098243e-02	3.486851e+00	-3.425868e+00
0.239231      	3.454562e+00	1.380838e+00	6.123285e-02	3.485179e+00	-3.423946e+00
0.239772      	3.452092e+00	1.379759e+00	6.132740e-02	3.482756e+00	-3.421429e+00
0.240314      	3.450211e+00	1.379031e+00	6.149882e-02	3.480960e+00	-3.419462e+00
0.240855      	3.446643e+00	1.377754e+00	6.161397e-02	3.477450e+00	-3.415836e+00
0.241397      	3.444054e+00	1.376724e+00	6.179789e-02	3.474953e+00	-3.413155e+00
0.241939      	3.441459e+00	1.375656e+00	6.211255e-02	3.472515e+00	-3.410403e+00
0.242481      	3.439059e+00	1.374716e+00	6.241632e-02	3.470267e+00	-3.407851e+00
0.243023      	3.435026e+00	1.373199e+00	6.268219e-02	3.466367e+00	-3.403684e+00
0.243565      	3.431409e+00	1.371780e+00	6.288489e-02	3.462852e+00	-3.399967e+00
0.244108      	3.429528e+00	1.370820e+00	6.305209e-02	3.461054e+00	-3.398002e+00
0.24465       	3.428052e+00	1.370226e+00	6.316658e-02	3.459635e+00	-3.396468e+00
0.245193      	3.425639e+00	1.369512e+00	6.334678e-02	3.457312e+00	-3.393966e+00
0.245736      	3.422900e+00	1.368419e+00	6.361164e-02	3.454706e+00	-3.391095e+00
0.246278      	3.420196e+00	1.367262e+00	6.388067e-02	3.452136e+00	-3.388256e+00
0.246821      	3.417762e+00	1.366182e+00	6.407366e-02	3.449799e+00	-3.385726e+00
0.247364      	3.415301e+00	1.365126e+00	6.414856e-02	3.447376e+00	-3.383227e+00
0.247908      	3.412779e+00	1.364065e+00	6.429656e-02	3.444927e+00	-3.380631e+00
0.248451      	3.410852e+00	1.363233e+00	6.451743e-02	3.443110e+00	-3.378593e+00
0.248994      	3.408327e+00	1.362262e+00	6.470382e-02	3.440679e+00	-3.375975e+00
0.249538      	3.405310e+00	1.361121e+00	6.489464e-02	3.437758e+00	-3.372863e+00
0.250081      	3.402240e+00	1.359951e+00	6.508611e-02	3.434783e+00	-3.369697e+00
0.250625      	3.399073e+00	1.358724e+00	6.523230e-02	3.431689e+00	-3.366457e+00
0.251169      	3.396617e+00	1.357737e+00	6.535581e-02	3.429295e+00	-3.363940e+00
0.251713      	3.394228e+00	1.356823e+00	6.568050e-02	3.427068e+00	-3.361387e+00
0.252257      	3.391407e+00	1.355645e+00	6.592070e-02	3.424367e+00	-3.358446e+00
0.252801      	3.389274e+00	1.354811e+00	6.642662e-02	3.422487e+00	-3.356060e+00
0.253345      	3.387663e+00	1.354180e+00	6.669073e-02	3.421008e+00	-3.354317e+00
0.25389       	3.385048e+00	1.353206e+00	6.713994e-02	3.418618e+00	-3.351478e+00
0.254434      	3.382825e+00	1.352269e+00	6.728229e-02	3.416466e+00	-3.349184e+00
0.254979      	3.380191e+00	1.351149e+00	6.733908e-02	3.413860e+00	-3.346521e+00
0.255523      	3.377916e+00	1.350404e+00	6.733158e-02	3.411582e+00	-3.344250e+00
0.256068      	3.375891e+00	1.349635e+00	6.759629e-02	3.409690e+00	-3.342093e+00
0.256613      	3.373708e+00	1.348747e+00	6.788653e-02	3.407651e+00	-3.339764e+00
0.257158      	3.372144e+00	1.348017e+00	6.826959e-02	3.406279e+00	-3.338009e+00
0.257703      	3.369601e+00	1.346999e+00	6.847304e-02	3.403837e+00	-3.335364e+00
0.258248      	3.367332e+00	1.346002e+00	6.867217e-02	3.401668e+00	-3.332995e+00
0.258794      	3.364238e+00	1.344826e+00	6.890432e-02	3.398691e+00	-3.329786e+00
0.259339      	3.361385e+00	1.343690e+00	6.908330e-02	3.395927e+00	-3.326844e+00
0.259885      	3.358178e+00	1.342411e+00	6.925840e-02	3.392807e+00	-3.323549e+00
0.26043       	3.355785e+00	1.341422e+00	6.943274e-02	3.390501e+00	-3.321068e+00
0.260976      	3.353421e+00	1.340684e+00	6.955422e-02	3.388198e+00	-3.318644e+00
0.261522      	3.351706e+00	1.339935e+00	6.988229e-02	3.386647e+00	-3.316765e+00
0.262068      	3.350401e+00	1.339316e+00	7.012024e-02	3.385461e+00	-3.315341e+00
0.262614      	3.347629e+00	1.338307e+00	7.026406e-02	3.382761e+00	-3.312497e+00
0.26316       	3.344270e+00	1.337019e+00	7.047636e-02	3.379508e+00	-3.309032e+00
0.263706      	3.341853e+00	1.335984e+00	7.061439e-02	3.377160e+00	-3.306546e+00
0.264253      	3.339710e+00	1.335088e+00	7.079059e-02	3.375105e+00	-3.304315e+00
0.264799      	3.337412e+00	1.334168e+00	7.106554e-02	3.372944e+00	-3.301879e+00
0.265346      	3.334700e+00	1.333072e+00	7.114374e-02	3.370272e+00	-3.299128e+00
0.265892      	3.332183e+00	1.332124e+00	7.144096e-02	3.367904e+00	-3.296463e+00
0.266439      	3.329458e+00	1.331053e+00	7.165455e-02	3.365286e+00	-3.293631e+00
0.266986      	3.327339e+00	1.330164e+00	7.193025e-02	3.363304e+00	-3.291374e+00
0.267533      	3.325152e+00	1.329327e+00	7.210646e-02	3.361206e+00	-3.289099e+00
0.26808       	3.322706e+00	1.328273e+00	7.226823e-02	3.358841e+00	-3.286572e+00
0.268627      	3.320356e+00	1.327427e+00	7.234943e-02	3.356531e+00	-3.284182e+00
0.269175      	3.318158e+00	1.326653e+00	7.267525e-02	3.354496e+00	-3.281821e+00
0.269722      	3.315745e+00	1.325667e+00	7.285719e-02	3.352173e+00	-3.279316e+00
0.27027       	3.313269e+00	1.324624e+00	7.315611e-02	3.349847e+00	-3.276691e+00
0.270817      	3.310817e+00	1.323505e+00	7.347573e-02	3.347555e+00	-3.274079e+00
0.271365      	3.308115e+00	1.322386e+00	7.354767e-02	3.344888e+00	-3.271341e+00
0.271913      	3.306136e+00	1.321557e+00	7.357741e-02	3.342925e+00	-3.269347e+00
0.272461      	3.302841e+00	1.320420e+00	7.383088e-02	3.339757e+00	-3.265926e+00
0.273009      	3.299844e+00	1.319315e+00	7.407965e-02	3.336883e+00	-3.262804e+00
0.273557      	3.296891e+00	1.318151e+00	7.440483e-02	3.334093e+00	-3.259688e+00
0.274105      	3.294861e+00	1.317276e+00	7.462194e-02	3.332172e+00	-3.257550e+00
0.274654      	3.292852e+00	1.316471e+00	7.489008e-02	3.330297e+00	-3.255407e+00
0.275202      	3.290480e+00	1.315519e+00	7.501194e-02	3.327986e+00	-3.252974e+00
0.275751      	3.287601e+00	1.314362e+00	7.529327e-02	3.325247e+00	-3.249954e+00
0.276299      	3.285001e+00	1.313304e+00	7.541178e-02	3.322707e+00	-3.247295e+00
0.276848      	3.282599e+00	1.312295e+00	7.557166e-02	3.320385e+00	-3.244813e+00
0.277397      	3.279597e+00	1.311213e+00	7.579600e-02	3.317495e+00	-3.241699e+00
0.277946      	3.277792e+00	1.310526e+00	7.601305e-02	3.315799e+00	-3.239786e+00
0.278495      	3.275519e+00	1.309629e+00	7.629812e-02	3.313668e+00	-3.237370e+00
0.279044      	3.272635e+00	1.308437e+00	7.648060e-02	3.310876e+00	-3.234395e+00
0.279593      	3.270564e+00	1.307635e+00	7.659811e-02	3.308863e+00	-3.232265e+00
0.280143      	3.268151e+00	1.306651e+00	7.668711e-02	3.306494e+00	-3.229807e+00
0.280692      	3.265889e+00	1.305636e+00	7.677476e-02	3.304276e+00	-3.227501e+00
0.281242      	3.262726e+00	1.304485e+00	7.707438e-02	3.301263e+00	-3.224189e+00
0.281792      	3.259930e+00	1.303390e+00	7.731953e-02	3.298590e+00	-3.221271e+00
0.282342      	3.256867e+00	1.302136e+00	7.768947e-02	3.295712e+00	-3.218022e+00
0.282891      	3.253838e+00	1.300923e+00	7.777791e-02	3.292727e+00	-3.214949e+00
0.283441      	3.251703e+00	1.300182e+00	7.774898e-02	3.290578e+00	-3.212829e+00
0.283992      	3.249484e+00	1.299314e+00	7.791969e-02	3.288444e+00	-3.210524e+00
0.284542      	3.247410e+00	1.298484e+00	7.817698e-02	3.286499e+00	-3.208322e+00
0.285092      	3.245532e+00	1.297690e+00	7.837023e-02	3.284717e+00	-3.206347e+00
0.285643      	3.242964e+00	1.296633e+00	7.851212e-02	3.282220e+00	-3.203708e+00
0.286193      	3.240995e+00	1.295866e+00	7.877930e-02	3.280384e+00	-3.201605e+00
0.286744      	3.238156e+00	1.294717e+00	7.900309e-02	3.277657e+00	-3.198654e+00
0.287295      	3.235295e+00	1.293519e+00	7.909483e-02	3.274842e+00	-3.195747e+00
0.287845      	3.231754e+00	1.292219e+00	7.921525e-02	3.271362e+00	-3.192147e+00
0.288396      	3.229348e+00	1.291324e+00	7.937365e-02	3.269035e+00	-3.189661e+00
0.288947      	3.227552e+00	1.290558e+00	7.952285e-02	3.267314e+00	-3.187791e+00
0.289499      	3.225094e+00	1.289617e+00	7.972313e-02	3.264956e+00	-3.185233e+00
0.29005       	3.223075e+00	1.288787e+00	7.994539e-02	3.263048e+00	-3.183103e+00
0.290601      	3.220321e+00	1.287699e+00	8.009948e-02	3.260370e+00	-3.180271e+00
0.291153      	3.217642e+00	1.286562e+00	8.046617e-02	3.257875e+00	-3.177408e+00
0.291704      	3.214982e+00	1.285497e+00	8.067941e-02	3.255322e+00	-3.174642e+00
0.292256      	3.212565e+00	1.284519e+00	8.088696e-02	3.253009e+00	-3.172122e+00
0.292808      	3.210113e+00	1.283528e+00	8.105886e-02	3.250643e+00	-3.169584e+00
0.293359      	3.207603e+00	1.282524e+00	8.130193e-02	3.248254e+00	-3.166952e+00
0.293911      	3.204787e+00	1.281431e+00	8.146447e-02	3.245520e+00	-3.164055e+00
0.294463      	3.202553e+00	1.280573e+00	8.161868e-02	3.243362e+00	-3.161744e+00
0.295016      	3.199840e+00	1.279550e+00	8.162983e-02	3.240654e+00	-3.159025e+00
0.295568      	3.197485e+00	1.278637e+00	8.178401e-02	3.238377e+00	-3.156593e+00
0.29612       	3.195185e+00	1.277736e+00	8.187916e-02	3.236124e+00	-3.154245e+00
0.296673      	3.192905e+00	1.276709e+00	8.212846e-02	3.233969e+00	-3.151841e+00
0.297225      	3.189946e+00	1.275546e+00	8.232173e-02	3.231107e+00	-3.148785e+00
0.297778      	3.186934e+00	1.274398e+00	8.260068e-02	3.228235e+00	-3.145634e+00
0.298331      	3.184206e+00	1.273282e+00	8.276057e-02	3.225586e+00	-3.142826e+00
0.298884      	3.182007e+00	1.272329e+00	8.287501e-02	3.223444e+00	-3.140569e+00
0.299437      	3.179569e+00	1.271354e+00	8.299681e-02	3.221067e+00	-3.138071e+00
0.29999       	3.176532e+00	1.270250e+00	8.310744e-02	3.218086e+00	-3.134979e+00
0.300543      	3.174356e+00	1.269353e+00	8.342345e-02	3.216067e+00	-3.132644e+00
0.301096      	3.171926e+00	1.268437e+00	8.356763e-02	3.213710e+00	-3.130142e+00
0.301649      	3.169836e+00	1.267565e+00	8.375429e-02	3.211713e+00	-3.127959e+00
0.302203      	3.167047e+00	1.266375e+00	8.385961e-02	3.208977e+00	-3.125117e+00
0.302756      	3.164189e+00	1.265347e+00	8.399328e-02	3.206185e+00	-3.122192e+00
0.30331       	3.162109e+00	1.264558e+00	8.402416e-02	3.204121e+00	-3.120097e+00
0.303864      	3.160021e+00	1.263634e+00	8.426846e-02	3.202156e+00	-3.117887e+00
0.304418      	3.157832e+00	1.262722e+00	8.436373e-02	3.200014e+00	-3.115650e+00
0.304972      	3.154909e+00	1.261645e+00	8.457616e-02	3.197197e+00	-3.112621e+00
0.305526      	3.152425e+00	1.260652e+00	8.455342e-02	3.194702e+00	-3.110148e+00
0.30608       	3.150083e+00	1.259726e+00	8.478551e-02	3.192475e+00	-3.107690e+00
0.306634      	3.147747e+00	1.258805e+00	8.501237e-02	3.190253e+00	-3.105240e+00
0.307188      	3.145132e+00	1.257792e+00	8.511417e-02	3.187689e+00	-3.102575e+00
0.307743      	3.143264e+00	1.257000e+00	8.510335e-02	3.185816e+00	-3.100713e+00
0.308297      	3.140936e+00	1.256043e+00	8.522678e-02	3.183550e+00	-3.098323e+00
0.308852      	3.138085e+00	1.254820e+00	8.521105e-02	3.180691e+00	-3.095480e+00
0.309407      	3.135166e+00	1.253691e+00	8.545529e-02	3.177894e+00	-3.092439e+00
0.309961      	3.132443e+00	1.252675e+00	8.561289e-02	3.175249e+00	-3.089636e+00
0.310516      	3.129424e+00	1.251513e+00	8.584017e-02	3.172344e+00	-3.086504e+00
0.311071      	3.127431e+00	1.250689e+00	8.597056e-02	3.170416e+00	-3.084445e+00
0.311626      	3.125450e+00	1.249917e+00	8.619459e-02	3.168548e+00	-3.082353e+00
0.312181      	3.123305e+00	1.248955e+00	8.642375e-02	3.166516e+00	-3.080093e+00
0.312737      	3.120649e+00	1.247887e+00	8.669320e-02	3.163995e+00	-3.077302e+00
0.313292      	3.117797e+00	1.246838e+00	8.669236e-02	3.161143e+00	-3.074450e+00
0.313848      	3.115429e+00	1.245947e+00	8.676824e-02	3.158813e+00	-3.072045e+00
0.314403      	3.113414e+00	1.245131e+00	8.681835e-02	3.156823e+00	-3.070005e+00
0.314959      	3.111114e+00	1.244227e+00	8.692424e-02	3.154576e+00	-3.067652e+00
0.315515      	3.109094e+00	1.243375e+00	8.709358e-02	3.152641e+00	-3.065548e+00
0.31607       	3.106653e+00	1.242363e+00	8.723405e-02	3.150270e+00	-3.063036e+00
0.316626      	3.104076e+00	1.241393e+00	8.740554e-02	3.147779e+00	-3.060374e+00
0.317182      	3.101690e+00	1.240395e+00	8.757034e-02	3.145475e+00	-3.057905e+00
0.317739      	3.098788e+00	1.239268e+00	8.765304e-02	3.142615e+00	-3.054962e+00
0.318295      	3.096724e+00	1.238397e+00	8.793917e-02	3.140694e+00	-3.052754e+00
0.318851      	3.094491e+00	1.237488e+00	8.802573e-02	3.138504e+00	-3.050478e+00
0.319407      	3.092219e+00	1.236524e+00	8.809486e-02	3.136267e+00	-3.048172e+00
0.319964      	3.090027e+00	1.235720e+00	8.817049e-02	3.134112e+00	-3.045942e+00
0.320521      	3.086971e+00	1.234574e+00	8.837766e-02	3.131159e+00	-3.042782e+00
0.321077      	3.084195e+00	1.233519e+00	8.840351e-02	3.128396e+00	-3.039993e+00
0.321634      	3.082246e+00	1.232677e+00	8.852309e-02	3.126508e+00	-3.037985e+00
0.322191      	3.079953e+00	1.231739e+00	8.856600e-02	3.124236e+00	-3.035670e+00
0.322748      	3.077688e+00	1.230852e+00	8.879912e-02	3.122088e+00	-3.033288e+00
0.323305      	3.075550e+00	1.229973e+00	8.900379e-02	3.120052e+00	-3.031048e+00
0.323862      	3.072983e+00	1.228964e+00	8.920675e-02	3.117587e+00	-3.028380e+00
0.324419      	3.070380e+00	1.227951e+00	8.930854e-02	3.115035e+00	-3.025726e+00
0.324977      	3.068539e+00	1.227187e+00	8.926403e-02	3.113171e+00	-3.023907e+00
0.325534      	3.066158e+00	1.226215e+00	8.944678e-02	3.110882e+00	-3.021435e+00
0.326091      	3.063637e+00	1.225202e+00	8.952736e-02	3.108400e+00	-3.018873e+00
0.326649      	3.061187e+00	1.224238e+00	8.960006e-02	3.105987e+00	-3.016387e+00
0.327207      	3.058794e+00	1.223267e+00	8.968953e-02	3.103639e+00	-3.013949e+00
0.327764      	3.056474e+00	1.222366e+00	8.983645e-02	3.101392e+00	-3.011555e+00
0.328322      	3.054276e+00	1.221494e+00	8.998061e-02	3.099266e+00	-3.009285e+00
0.32888       	3.052000e+00	1.220586e+00	9.016638e-02	3.097083e+00	-3.006917e+00
0.329438      	3.049105e+00	1.219376e+00	9.027112e-02	3.094240e+00	-3.003969e+00
0.329996      	3.047070e+00	1.218547e+00	9.036581e-02	3.092253e+00	-3.001887e+00
0.330555      	3.044491e+00	1.217590e+00	9.041609e-02	3.089699e+00	-2.999283e+00
0.331113      	3.042602e+00	1.216858e+00	9.048519e-02	3.087845e+00	-2.997360e+00
0.331671      	3.040477e+00	1.215973e+00	9.063800e-02	3.085796e+00	-2.995158e+00
0.33223       	3.038621e+00	1.215180e+00	9.077812e-02	3.084010e+00	-2.993231e+00
0.332788      	3.035884e+00	1.214076e+00	9.092839e-02	3.081348e+00	-2.990420e+00
0.333347      	3.032911e+00	1.212962e+00	9.098059e-02	3.078401e+00	-2.987421e+00
0.333906      	3.030627e+00	1.212054e+00	9.105800e-02	3.076156e+00	-2.985098e+00
0.334465      	3.028148e+00	1.211022e+00	9.121165e-02	3.073754e+00	-2.982542e+00
0.335024      	3.026141e+00	1.210207e+00	9.134395e-02	3.071813e+00	-2.980469e+00
0.335583      	3.023658e+00	1.209232e+00	9.146251e-02	3.069389e+00	-2.977926e+00
0.336142      	3.020981e+00	1.208165e+00	9.164744e-02	3.066805e+00	-2.975158e+00
0.336701      	3.018506e+00	1.207114e+00	9.175354e-02	3.064382e+00	-2.972629e+00
0.33726       	3.016378e+00	1.206302e+00	9.186285e-02	3.062309e+00	-2.970447e+00
0.33782       	3.013816e+00	1.205338e+00	9.189216e-02	3.059762e+00	-2.967869e+00
0.338379      	3.011550e+00	1.204447e+00	9.198832e-02	3.057544e+00	-2.965556e+00
0.338939      	3.009510e+00	1.203588e+00	9.213742e-02	3.055578e+00	-2.963441e+00
0.339498      	3.007055e+00	1.202656e+00	9.222008e-02	3.053165e+00	-2.960945e+00
0.340058      	3.005037e+00	1.201789e+00	9.234325e-02	3.051208e+00	-2.958865e+00
0.340618      	3.002795e+00	1.200897e+00	9.245255e-02	3.049022e+00	-2.956569e+00
0.341178      	3.000538e+00	1.200012e+00	9.256916e-02	3.046823e+00	-2.954254e+00
0.341738      	2.998196e+00	1.199095e+00	9.270838e-02	3.044550e+00	-2.951842e+00
0.342298      	2.996294e+00	1.198326e+00	9.276435e-02	3.042677e+00	-2.949912e+00
0.342858      	2.993484e+00	1.197166e+00	9.301613e-02	3.039992e+00	-2.946976e+00
0.343418      	2.990819e+00	1.196114e+00	9.318845e-02	3.037413e+00	-2.944224e+00
0.343978      	2.988289e+00	1.195065e+00	9.322942e-02	3.034904e+00	-2.941674e+00
0.344539      	2.986186e+00	1.194208e+00	9.331272e-02	3.032842e+00	-2.939530e+00
0.345099      	2.983724e+00	1.193250e+00	9.343437e-02	3.030441e+00	-2.937007e+00
0.34566       	2.980977e+00	1.192239e+00	9.358900e-02	3.027772e+00	-2.934183e+00
0.34622       	2.978601e+00	1.191269e+00	9.367964e-02	3.025441e+00	-2.931761e+00
0.346781      	2.976695e+00	1.190464e+00	9.379313e-02	3.023591e+00	-2.929798e+00
0.347342      	2.974534e+00	1.189561e+00	9.389805e-02	3.021483e+00	-2.927585e+00
0.347903      	2.972442e+00	1.188678e+00	9.398327e-02	3.019433e+00	-2.925450e+00
0.348464      	2.970029e+00	1.187732e+00	9.401766e-02	3.017038e+00	-2.923020e+00
0.349025      	2.967944e+00	1.186952e+00	9.400400e-02	3.014946e+00	-2.920942e+00
0.349586      	2.965784e+00	1.186082e+00	9.409605e-02	3.012832e+00	-2.918736e+00
0.350147      	2.963270e+00	1.185069e+00	9.424598e-02	3.010393e+00	-2.916147e+00
0.350709      	2.960744e+00	1.184090e+00	9.433529e-02	3.007912e+00	-2.913576e+00
0.35127       	2.958545e+00	1.183215e+00	9.458027e-02	3.005835e+00	-2.911255e+00
0.351832      	2.956084e+00	1.182205e+00	9.453229e-02	3.003350e+00	-2.908818e+00
0.352393      	2.954273e+00	1.181429e+00	9.467459e-02	3.001611e+00	-2.906936e+00
0.352955      	2.951282e+00	1.180282e+00	9.480281e-02	2.998683e+00	-2.903880e+00
0.353517      	2.948819e+00	1.179320e+00	9.494990e-02	2.996294e+00	-2.901345e+00
0.354078      	2.946505e+00	1.178357e+00	9.504800e-02	2.994029e+00	-2.898981e+00
0.35464       	2.944305e+00	1.177470e+00	9.517189e-02	2.991891e+00	-2.896720e+00
0.355202      	2.941922e+00	1.176557e+00	9.530948e-02	2.989577e+00	-2.894268e+00
0.355764      	2.939529e+00	1.175607e+00	9.547817e-02	2.987268e+00	-2.891790e+00
0.356327      	2.937313e+00	1.174699e+00	9.555754e-02	2.985091e+00	-2.889534e+00
0.356889      	2.935175e+00	1.173833e+00	9.553259e-02	2.982941e+00	-2.887408e+00
0.357451      	2.932773e+00	1.172926e+00	9.560888e-02	2.980577e+00	-2.884969e+00
0.358014      	2.930447e+00	1.171951e+00	9.571116e-02	2.978303e+00	-2.882592e+00
0.358576      	2.928193e+00	1.170985e+00	9.581374e-02	2.976100e+00	-2.880286e+00
0.359139      	2.925731e+00	1.170016e+00	9.593759e-02	2.973700e+00	-2.877762e+00
0.359701      	2.923519e+00	1.169162e+00	9.608906e-02	2.971564e+00	-2.875475e+00
0.360264      	2.920620e+00	1.168031e+00	9.629793e-02	2.968769e+00	-2.872471e+00
0.360827      	2.918085e+00	1.167026e+00	9.647585e-02	2.966323e+00	-2.869847e+00
0.361389      	2.916224e+00	1.166251e+00	9.642502e-02	2.964437e+00	-2.868012e+00
0.361952      	2.914047e+00	1.165366e+00	9.638110e-02	2.962237e+00	-2.865856e+00
0.362515      	2.911490e+00	1.164335e+00	9.647201e-02	2.959726e+00	-2.863254e+00
0.363078      	2.909256e+00	1.163473e+00	9.664845e-02	2.957581e+00	-2.860932e+00
0.363642      	2.906911e+00	1.162567e+00	9.677799e-02	2.955300e+00	-2.858522e+00
0.364205      	2.904663e+00	1.161638e+00	9.691905e-02	2.953122e+00	-2.856203e+00
0.364768      	2.902613e+00	1.160741e+00	9.707341e-02	2.951150e+00	-2.854077e+00
0.365332      	2.900261e+00	1.159799e+00	9.722304e-02	2.948873e+00	-2.851650e+00
0.365895      	2.897816e+00	1.158884e+00	9.720985e-02	2.946421e+00	-2.849211e+00
0.366458      	2.894984e+00	1.157770e+00	9.736694e-02	2.943668e+00	-2.846301e+00
0.367022      	2.892702e+00	1.156848e+00	9.735957e-02	2.941382e+00	-2.844022e+00
0.367586      	2.890750e+00	1.156053e+00	9.741849e-02	2.939459e+00	-2.842040e+00
0.36815       	2.888533e+00	1.155156e+00	9.750489e-02	2.937285e+00	-2.839780e+00
0.368713      	2.886153e+00	1.154204e+00	9.760640e-02	2.934957e+00	-2.837350e+00
0.369277      	2.883852e+00	1.153277e+00	9.769617e-02	2.932700e+00	-2.835004e+00
0.369841      	2.881417e+00	1.152288e+00	9.778985e-02	2.930312e+00	-2.832522e+00
0.370405      	2.878665e+00	1.151197e+00	9.796093e-02	2.927646e+00	-2.829685e+00
0.370969      	2.876356e+00	1.150298e+00	9.805126e-02	2.925382e+00	-2.827330e+00
0.371534      	2.873865e+00	1.149309e+00	9.814080e-02	2.922935e+00	-2.824794e+00
0.372098      	2.871828e+00	1.148460e+00	9.832191e-02	2.920989e+00	-2.822667e+00
0.372662      	2.869703e+00	1.147581e+00	9.838056e-02	2.918894e+00	-2.820513e+00
0.373227      	2.866909e+00	1.146504e+00	9.846748e-02	2.916143e+00	-2.817676e+00
0.373791      	2.864602e+00	1.145580e+00	9.859112e-02	2.913897e+00	-2.815306e+00
0.374356      	2.862144e+00	1.144606e+00	9.870400e-02	2.911496e+00	-2.812792e+00
0.37492       	2.859883e+00	1.143687e+00	9.880572e-02	2.909286e+00	-2.810480e+00
0.375485      	2.857540e+00	1.142750e+00	9.889317e-02	2.906987e+00	-2.808094e+00
0.37605       	2.855218e+00	1.141835e+00	9.899629e-02	2.904716e+00	-2.805720e+00
0.376615      	2.852975e+00	1.140950e+00	9.909948e-02	2.902525e+00	-2.803425e+00
0.377179      	2.850750e+00	1.140020e+00	9.918553e-02	2.900343e+00	-2.801158e+00
0.377744      	2.848424e+00	1.139073e+00	9.930321e-02	2.898076e+00	-2.798773e+00
0.378309      	2.846191e+00	1.138216e+00	9.935559e-02	2.895869e+00	-2.796513e+00
0.378874      	2.843904e+00	1.137312e+00	9.944117e-02	2.893625e+00	-2.794183e+00
0.379439      	2.841618e+00	1.136409e+00	9.958286e-02	2.891410e+00	-2.791827e+00
0.380004      	2.839391e+00	1.135506e+00	9.968072e-02	2.889232e+00	-2.789551e+00
0.38057       	2.836775e+00	1.134456e+00	9.979637e-02	2.886673e+00	-2.786876e+00
0.381135      	2.834561e+00	1.133547e+00	9.983975e-02	2.884481e+00	-2.784641e+00
0.3817        	2.832178e+00	1.132593e+00	9.997808e-02	2.882167e+00	-2.782189e+00
0.382265      	2.829878e+00	1.131674e+00	1.000827e-01	2.879920e+00	-2.779837e+00
0.382831      	2.827511e+00	1.130728e+00	1.001859e-01	2.877604e+00	-2.777418e+00
0.383396      	2.825122e+00	1.129787e+00	1.003059e-01	2.875275e+00	-2.774969e+00
0.383962      	2.822709e+00	1.128808e+00	1.003832e-01	2.872901e+00	-2.772518e+00
0.384527      	2.820601e+00	1.127934e+00	1.004715e-01	2.870836e+00	-2.770365e+00
0.385093      	2.818247e+00	1.127009e+00	1.005367e-01	2.868515e+00	-2.767979e+00
0.385658      	2.815889e+00	1.126067e+00	1.006288e-01	2.866203e+00	-2.765574e+00
0.386224      	2.813697e+00	1.125196e+00	1.007388e-01	2.864067e+00	-2.763328e+00
0.38679       	2.811538e+00	1.124345e+00	1.008993e-01	2.861988e+00	-2.761089e+00
0.387355      	2.809424e+00	1.123512e+00	1.008363e-01	2.859842e+00	-2.759006e+00
0.387921      	2.807218e+00	1.122586e+00	1.008774e-01	2.857657e+00	-2.756779e+00
0.388487      	2.804940e+00	1.121673e+00	1.009694e-01	2.855425e+00	-2.754455e+00
0.389053      	2.802485e+00	1.120699e+00	1.011298e-01	2.853050e+00	-2.751920e+00
0.389619      	2.800084e+00	1.119775e+00	1.012305e-01	2.850700e+00	-2.749469e+00
0.390185      	2.798016e+00	1.118921e+00	1.012811e-01	2.848657e+00	-2.747375e+00
0.390751      	2.795309e+00	1.117855e+00	1.014735e-01	2.846046e+00	-2.744572e+00
0.391317      	2.792936e+00	1.116872e+00	1.015788e-01	2.843726e+00	-2.742147e+00
0.391883      	2.790860e+00	1.116021e+00	1.015809e-01	2.841651e+00	-2.740070e+00
0.39245       	2.788356e+00	1.115035e+00	1.016069e-01	2.839159e+00	-2.737552e+00
0.393016      	2.786129e+00	1.114138e+00	1.016882e-01	2.836973e+00	-2.735285e+00
0.393582      	2.784021e+00	1.113324e+00	1.017750e-01	2.834908e+00	-2.733133e+00
0.394149      	2.781545e+00	1.112347e+00	1.019106e-01	2.832500e+00	-2.730590e+00
0.394715      	2.779486e+00	1.111509e+00	1.020091e-01	2.830491e+00	-2.728482e+00
0.395282      	2.777421e+00	1.110672e+00	1.021158e-01	2.828479e+00	-2.726363e+00
0.395848      	2.775170e+00	1.109758e+00	1.022178e-01	2.826279e+00	-2.724061e+00
0.396415      	2.772847e+00	1.108860e+00	1.023555e-01	2.824024e+00	-2.721669e+00
0.396981      	2.770968e+00	1.108099e+00	1.024050e-01	2.822170e+00	-2.719765e+00
0.397548      	2.768754e+00	1.107204e+00	1.023816e-01	2.819945e+00	-2.717563e+00
0.398115      	2.766394e+00	1.106285e+00	1.024466e-01	2.817618e+00	-2.715171e+00
0.398681      	2.764171e+00	1.105396e+00	1.024908e-01	2.815416e+00	-2.712926e+00
0.399248      	2.762046e+00	1.104527e+00	1.025365e-01	2.813314e+00	-2.710778e+00
0.399815      	2.759825e+00	1.103594e+00	1.026280e-01	2.811139e+00	-2.708511e+00
0.400382      	2.757372e+00	1.102641e+00	1.027570e-01	2.808750e+00	-2.705993e+00
0.400949      	2.754892e+00	1.101678e+00	1.028240e-01	2.806304e+00	-2.703480e+00
0.401516      	2.752625e+00	1.100783e+00	1.028970e-01	2.804074e+00	-2.701177e+00
0.402083      	2.750457e+00	1.099891e+00	1.030203e-01	2.801968e+00	-2.698947e+00
0.40265       	2.748214e+00	1.099008e+00	1.031237e-01	2.799776e+00	-2.696652e+00
0.403217      	2.746608e+00	1.098355e+00	1.031181e-01	2.798167e+00	-2.695049e+00
0.403785      	2.744625e+00	1.097564e+00	1.031572e-01	2.796204e+00	-2.693047e+00
0.404352      	2.742539e+00	1.096729e+00	1.032283e-01	2.794153e+00	-2.690925e+00
0.404919      	2.740345e+00	1.095842e+00	1.033019e-01	2.791996e+00	-2.688694e+00
0.405486      	2.738209e+00	1.094982e+00	1.033702e-01	2.789894e+00	-2.686524e+00
0.406054      	2.735935e+00	1.094077e+00	1.034419e-01	2.787656e+00	-2.684214e+00
0.406621      	2.733645e+00	1.093158e+00	1.035138e-01	2.785402e+00	-2.681888e+00
0.407189      	2.731624e+00	1.092367e+00	1.035618e-01	2.783405e+00	-2.679843e+00
0.407756      	2.729488e+00	1.091522e+00	1.036627e-01	2.781319e+00	-2.677656e+00
0.408324      	2.727483e+00	1.090712e+00	1.037214e-01	2.779344e+00	-2.675622e+00
0.408892      	2.725304e+00	1.089839e+00	1.037520e-01	2.777180e+00	-2.673428e+00
0.409459      	2.723525e+00	1.089096e+00	1.037690e-01	2.775410e+00	-2.671641e+00
0.410027      	2.721075e+00	1.088104e+00	1.038331e-01	2.772992e+00	-2.669159e+00
0.410595      	2.718752e+00	1.087212e+00	1.038926e-01	2.770698e+00	-2.666805e+00
0.411163      	2.716849e+00	1.086462e+00	1.039654e-01	2.768832e+00	-2.664866e+00
0.41173       	2.714823e+00	1.085663e+00	1.040116e-01	2.766829e+00	-2.662818e+00
0.412298      	2.712782e+00	1.084834e+00	1.040579e-01	2.764811e+00	-2.660753e+00
0.412866      	2.710751e+00	1.084021e+00	1.041059e-01	2.762804e+00	-2.658698e+00
0.413434      	2.708688e+00	1.083191e+00	1.041761e-01	2.760776e+00	-2.656600e+00
0.414002      	2.706838e+00	1.082442e+00	1.042347e-01	2.758956e+00	-2.654721e+00
0.41457       	2.704684e+00	1.081592e+00	1.043256e-01	2.756847e+00	-2.652522e+00
0.415138      	2.702714e+00	1.080796e+00	1.043615e-01	2.754895e+00	-2.650534e+00
0.415707      	2.700706e+00	1.079997e+00	1.044104e-01	2.752911e+00	-2.648501e+00
0.416275      	2.698776e+00	1.079231e+00	1.044484e-01	2.751000e+00	-2.646552e+00
0.416843      	2.696694e+00	1.078406e+00	1.045003e-01	2.748944e+00	-2.644444e+00
0.417411      	2.694804e+00	1.077634e+00	1.045106e-01	2.747060e+00	-2.642549e+00
0.41798       	2.692808e+00	1.076803e+00	1.045698e-01	2.745093e+00	-2.640523e+00
0.418548      	2.690746e+00	1.075989e+00	1.045833e-01	2.743038e+00	-2.638455e+00
0.419117      	2.688666e+00	1.075176e+00	1.046284e-01	2.740981e+00	-2.636352e+00
0.419685      	2.686909e+00	1.074471e+00	1.046562e-01	2.739237e+00	-2.634581e+00
0.420254      	2.684836e+00	1.073644e+00	1.046923e-01	2.737182e+00	-2.632490e+00
0.420822      	2.683111e+00	1.072948e+00	1.047342e-01	2.735478e+00	-2.630744e+00
0.421391      	2.680952e+00	1.072083e+00	1.047343e-01	2.733320e+00	-2.628585e+00
0.42196       	2.679138e+00	1.071354e+00	1.047847e-01	2.731530e+00	-2.626745e+00
0.422528      	2.677103e+00	1.070557e+00	1.048088e-01	2.729507e+00	-2.624698e+00
0.423097      	2.675591e+00	1.069951e+00	1.048760e-01	2.728029e+00	-2.623153e+00
0.423666      	2.673628e+00	1.069151e+00	1.049163e-01	2.726086e+00	-2.621170e+00
0.424235      	2.671790e+00	1.068426e+00	1.049697e-01	2.724274e+00	-2.619305e+00
0.424804      	2.669636e+00	1.067576e+00	1.049857e-01	2.722129e+00	-2.617143e+00
0.425373      	2.667975e+00	1.066910e+00	1.050048e-01	2.720477e+00	-2.615472e+00
0.425942      	2.665984e+00	1.066092e+00	1.050041e-01	2.718486e+00	-2.613482e+00
0.426511      	2.664448e+00	1.065495e+00	1.050318e-01	2.716964e+00	-2.611933e+00
0.42708       	2.662306e+00	1.064638e+00	1.050240e-01	2.714818e+00	-2.609794e+00
0.427649      	2.660584e+00	1.063928e+00	1.050501e-01	2.713109e+00	-2.608059e+00
0.428218      	2.658450e+00	1.063090e+00	1.050704e-01	2.710985e+00	-2.605915e+00
0.428787      	2.656821e+00	1.062442e+00	1.050925e-01	2.709368e+00	-2.604275e+00
0.429357      	2.654923e+00	1.061677e+00	1.050860e-01	2.707466e+00	-2.602380e+00
0.429926      	2.653325e+00	1.061053e+00	1.051065e-01	2.705879e+00	-2.600772e+00
0.430495      	2.651379e+00	1.060284e+00	1.051029e-01	2.703930e+00	-2.598827e+00
0.431065      	2.649779e+00	1.059636e+00	1.051402e-01	2.702350e+00	-2.597209e+00
0.431634      	2.647904e+00	1.058886e+00	1.051464e-01	2.700477e+00	-2.595331e+00
0.432204      	2.646463e+00	1.058317e+00	1.051174e-01	2.699022e+00	-2.593904e+00
0.432773      	2.644522e+00	1.057514e+00	1.051473e-01	2.697096e+00	-2.591949e+00
0.433343      	2.642818e+00	1.056840e+00	1.051979e-01	2.695417e+00	-2.590219e+00
0.433912      	2.640932e+00	1.056112e+00	1.051971e-01	2.693530e+00	-2.588333e+00
0.434482      	2.639511e+00	1.055531e+00	1.052029e-01	2.692112e+00	-2.586909e+00
0.435052      	2.637752e+00	1.054835e+00	1.051984e-01	2.690351e+00	-2.585153e+00
0.435621      	2.636084e+00	1.054152e+00	1.052187e-01	2.688693e+00	-2.583474e+00
0.436191      	2.634288e+00	1.053401e+00	1.051839e-01	2.686880e+00	-2.581696e+00
0.436761      	2.632542e+00	1.052715e+00	1.051072e-01	2.685096e+00	-2.579989e+00
0.437331      	2.630608e+00	1.051963e+00	1.050980e-01	2.683157e+00	-2.578059e+00
0.437901      	2.629048e+00	1.051346e+00	1.050638e-01	2.681580e+00	-2.576516e+00
0.438471      	2.627366e+00	1.050670e+00	1.050361e-01	2.679884e+00	-2.574848e+00
0.439041      	2.625963e+00	1.050098e+00	1.050238e-01	2.678475e+00	-2.573451e+00
0.439611      	2.624167e+00	1.049385e+00	1.050382e-01	2.676686e+00	-2.571647e+00
0.440181      	2.622551e+00	1.048733e+00	1.050330e-01	2.675068e+00	-2.570035e+00
0.440751      	2.620876e+00	1.048088e+00	1.050195e-01	2.673386e+00	-2.568367e+00
0.441321      	2.619578e+00	1.047578e+00	1.049678e-01	2.672062e+00	-2.567094e+00
0.441891      	2.618002e+00	1.046954e+00	1.048876e-01	2.670446e+00	-2.565558e+00
0.442462      	2.616691e+00	1.046431e+00	1.048378e-01	2.669110e+00	-2.564272e+00
0.443032      	2.615075e+00	1.045737e+00	1.048009e-01	2.667476e+00	-2.562675e+00
0.443602      	2.613520e+00	1.045109e+00	1.047704e-01	2.665905e+00	-2.561135e+00
0.444173      	2.611618e+00	1.044372e+00	1.047608e-01	2.663999e+00	-2.559238e+00
0.444743      	2.610147e+00	1.043800e+00	1.047444e-01	2.662519e+00	-2.557775e+00
0.445314      	2.608540e+00	1.043142e+00	1.047092e-01	2.660894e+00	-2.556185e+00
0.445884      	2.606991e+00	1.042523e+00	1.046502e-01	2.659316e+00	-2.554666e+00
0.446455      	2.605373e+00	1.041874e+00	1.046270e-01	2.657686e+00	-2.553059e+00
0.447025      	2.603987e+00	1.041326e+00	1.045535e-01	2.656264e+00	-2.551710e+00
0.447596      	2.602425e+00	1.040701e+00	1.045129e-01	2.654682e+00	-2.550169e+00
0.448167      	2.601015e+00	1.040132e+00	1.044354e-01	2.653232e+00	-2.548797e+00
0.448738      	2.599492e+00	1.039517e+00	1.043641e-01	2.651674e+00	-2.547310e+00
0.449308      	2.598026e+00	1.038940e+00	1.043029e-01	2.650178e+00	-2.545875e+00
0.449879      	2.596698e+00	1.038412e+00	1.042643e-01	2.648830e+00	-2.544566e+00
0.45045       	2.595350e+00	1.037870e+00	1.042207e-01	2.647461e+00	-2.543240e+00
0.451021      	2.593899e+00	1.037287e+00	1.041675e-01	2.645983e+00	-2.541816e+00
0.451592      	2.592526e+00	1.036733e+00	1.041283e-01	2.644591e+00	-2.540462e+00
0.452163      	2.590986e+00	1.036120e+00	1.041021e-01	2.643037e+00	-2.538935e+00
0.452734      	2.589654e+00	1.035610e+00	1.040031e-01	2.641656e+00	-2.537653e+00
0.453305      	2.588108e+00	1.034970e+00	1.039732e-01	2.640095e+00	-2.536121e+00
0.453876      	2.586826e+00	1.034447e+00	1.038468e-01	2.638749e+00	-2.534903e+00
0.454447      	2.585329e+00	1.033862e+00	1.037791e-01	2.637218e+00	-2.533439e+00
0.455019      	2.583836e+00	1.033263e+00	1.036846e-01	2.635679e+00	-2.531994e+00
0.45559       	2.582450e+00	1.032730e+00	1.036018e-01	2.634251e+00	-2.530649e+00
0.456161      	2.581152e+00	1.032223e+00	1.035147e-01	2.632909e+00	-2.529394e+00
0.456733      	2.579798e+00	1.031649e+00	1.034458e-01	2.631521e+00	-2.528075e+00
0.457304      	2.578351e+00	1.031082e+00	1.033689e-01	2.630036e+00	-2.526667e+00
0.457876      	2.576880e+00	1.030484e+00	1.033008e-01	2.628531e+00	-2.525230e+00
0.458447      	2.575526e+00	1.029956e+00	1.032377e-01	2.627144e+00	-2.523907e+00
0.459019      	2.574252e+00	1.029446e+00	1.031295e-01	2.625816e+00	-2.522687e+00
0.45959       	2.572921e+00	1.028921e+00	1.030205e-01	2.624431e+00	-2.521410e+00
0.460162      	2.571618e+00	1.028402e+00	1.029253e-01	2.623081e+00	-2.520155e+00
0.460733      	2.570459e+00	1.027934e+00	1.028181e-01	2.621868e+00	-2.519050e+00
0.461305      	2.569210e+00	1.027431e+00	1.027366e-01	2.620578e+00	-2.517842e+00
0.461877      	2.567935e+00	1.026921e+00	1.026458e-01	2.619257e+00	-2.516612e+00
0.462449      	2.566526e+00	1.026347e+00	1.024981e-01	2.617775e+00	-2.515277e+00
0.463021      	2.565314e+00	1.025852e+00	1.023904e-01	2.616510e+00	-2.514119e+00
0.463592      	2.563914e+00	1.025308e+00	1.022693e-01	2.615049e+00	-2.512780e+00
0.464164      	2.562637e+00	1.024800e+00	1.021466e-01	2.613710e+00	-2.511564e+00
0.464736      	2.561318e+00	1.024281e+00	1.020282e-01	2.612333e+00	-2.510304e+00
0.465308      	2.560034e+00	1.023773e+00	1.019252e-01	2.610997e+00	-2.509071e+00
0.46588       	2.558967e+00	1.023347e+00	1.017975e-01	2.609866e+00	-2.508069e+00
0.466453      	2.557749e+00	1.022839e+00	1.016976e-01	2.608598e+00	-2.506900e+00
0.467025      	2.556607e+00	1.022377e+00	1.015835e-01	2.607399e+00	-2.505816e+00
0.467597      	2.555309e+00	1.021875e+00	1.014783e-01	2.606048e+00	-2.504570e+00
0.468169      	2.554023e+00	1.021367e+00	1.013497e-01	2.604698e+00	-2.503348e+00
0.468741      	2.552800e+00	1.020878e+00	1.012107e-01	2.603405e+00	-2.502194e+00
0.469314      	2.551644e+00	1.020417e+00	1.010815e-01	2.602185e+00	-2.501103e+00
0.469886      	2.550492e+00	1.019974e+00	1.009268e-01	2.600955e+00	-2.500028e+00
0.470459      	2.549368e+00	1.019498e+00	1.008109e-01	2.599773e+00	-2.498962e+00
0.471031      	2.548234e+00	1.019029e+00	1.006720e-01	2.598570e+00	-2.497898e+00
0.471604      	2.546868e+00	1.018483e+00	1.004980e-01	2.597117e+00	-2.496619e+00
0.472176      	2.545629e+00	1.017998e+00	1.003535e-01	2.595806e+00	-2.495452e+00
0.472749      	2.544398e+00	1.017505e+00	1.001978e-01	2.594497e+00	-2.494299e+00
0.473321      	2.543287e+00	1.017079e+00	1.000427e-01	2.593309e+00	-2.493266e+00
0.473894      	2.542255e+00	1.016664e+00	9.987561e-02	2.592193e+00	-2.492317e+00
0.474467      	2.541099e+00	1.016188e+00	9.973180e-02	2.590965e+00	-2.491233e+00
0.47504       	2.540017e+00	1.015753e+00	9.956294e-02	2.589799e+00	-2.490236e+00
0.475613      	2.538898e+00	1.015307e+00	9.939035e-02	2.588593e+00	-2.489203e+00
0.476185      	2.537793e+00	1.014869e+00	9.925849e-02	2.587423e+00	-2.488164e+00
0.476758      	2.536823e+00	1.014476e+00	9.907692e-02	2.586362e+00	-2.487285e+00
0.477331      	2.535704e+00	1.014058e+00	9.891085e-02	2.585159e+00	-2.486249e+00
0.477904      	2.534582e+00	1.013582e+00	9.875891e-02	2.583962e+00	-2.485203e+00
0.478477      	2.533296e+00	1.013078e+00	9.856834e-02	2.582580e+00	-2.484012e+00
0.47905       	2.532029e+00	1.012562e+00	9.843338e-02	2.581246e+00	-2.482812e+00
0.479624      	2.531030e+00	1.012154e+00	9.823709e-02	2.580149e+00	-2.481912e+00
0.480197      	2.529980e+00	1.011741e+00	9.806007e-02	2.579010e+00	-2.480950e+00
0.48077       	2.528969e+00	1.011352e+00	9.790773e-02	2.577923e+00	-2.480015e+00
0.481343      	2.527885e+00	1.010900e+00	9.765844e-02	2.576714e+00	-2.479055e+00
0.481917      	2.526683e+00	1.010439e+00	9.743343e-02	2.575399e+00	-2.477966e+00
0.48249       	2.525676e+00	1.010003e+00	9.723594e-02	2.574294e+00	-2.477058e+00
0.483064      	2.524474e+00	1.009544e+00	9.705892e-02	2.573003e+00	-2.475945e+00
0.483637      	2.523421e+00	1.009124e+00	9.689039e-02	2.571866e+00	-2.474976e+00
0.48421       	2.522430e+00	1.008719e+00	9.666323e-02	2.570761e+00	-2.474098e+00
0.484784      	2.521390e+00	1.008313e+00	9.643128e-02	2.569605e+00	-2.473174e+00
0.485358      	2.520220e+00	1.007857e+00	9.622454e-02	2.568332e+00	-2.472108e+00
0.485931      	2.519258e+00	1.007456e+00	9.602482e-02	2.567270e+00	-2.471245e+00
0.486505      	2.518301e+00	1.007070e+00	9.584215e-02	2.566222e+00	-2.470380e+00
0.487079      	2.517374e+00	1.006699e+00	9.561790e-02	2.565183e+00	-2.469566e+00
0.487653      	2.516364e+00	1.006300e+00	9.537066e-02	2.564050e+00	-2.468679e+00
0.488226      	2.515372e+00	1.005899e+00	9.514197e-02	2.562943e+00	-2.467801e+00
0.4888        	2.514334e+00	1.005487e+00	9.491785e-02	2.561793e+00	-2.466875e+00
0.489374      	2.513437e+00	1.005128e+00	9.469627e-02	2.560785e+00	-2.466088e+00
0.489948      	2.512320e+00	1.004668e+00	9.446261e-02	2.559551e+00	-2.465089e+00
0.490522      	2.511311e+00	1.004276e+00	9.421714e-02	2.558419e+00	-2.464202e+00
0.491096      	2.510417e+00	1.003914e+00	9.396754e-02	2.557401e+00	-2.463434e+00
0.491671      	2.509346e+00	1.003495e+00	9.370461e-02	2.556199e+00	-2.462494e+00
0.492245      	2.508325e+00	1.003104e+00	9.344025e-02	2.555045e+00	-2.461605e+00
0.492819      	2.507485e+00	1.002754e+00	9.321372e-02	2.554092e+00	-2.460878e+00
0.493393      	2.506410e+00	1.002337e+00	9.301526e-02	2.552918e+00	-2.459903e+00
0.493968      	2.505597e+00	1.001972e+00	9.273783e-02	2.551966e+00	-2.459228e+00
0.494542      	2.504563e+00	1.001574e+00	9.247121e-02	2.550798e+00	-2.458327e+00
0.495116      	2.503600e+00	1.001209e+00	9.222063e-02	2.549710e+00	-2.457490e+00
0.495691      	2.502601e+00	1.000792e+00	9.196937e-02	2.548586e+00	-2.456616e+00
0.496265      	2.501486e+00	1.000344e+00	9.171421e-02	2.547343e+00	-2.455629e+00
0.49684       	2.500557e+00	9.999751e-01	9.144941e-02	2.546281e+00	-2.454832e+00
0.497415      	2.499602e+00	9.995889e-01	9.118679e-02	2.545195e+00	-2.454009e+00
0.497989      	2.498755e+00	9.992584e-01	9.084867e-02	2.544179e+00	-2.453331e+00
0.498564      	2.497687e+00	9.988324e-01	9.058436e-02	2.542979e+00	-2.452395e+00
0.499139      	2.496689e+00	9.984496e-01	9.035457e-02	2.541866e+00	-2.451511e+00
0.499713      	2.495853e+00	9.981271e-01	9.007970e-02	2.540893e+00	-2.450813e+00
