# Force coefficients
# liftDir     : (0.000000e+00 1.000000e+00 0.000000e+00)
# dragDir     : (1.000000e+00 0.000000e+00 0.000000e+00)
# pitchAxis   : (0.000000e+00 1.000000e+00 0.000000e+00)
# magUInf     : 1.000000e+00
# lRef        : 2.000000e-01
# Aref        : 2.000000e-01
# CofR        : (3.000000e+00 2.000000e+00 0.000000e+00)
# Time        	Cm            	Cd            	Cl            	Cl(f)         	Cl(r)         
0             	0.000000e+00	0.000000e+00	0.000000e+00	0.000000e+00	0.000000e+00
0.006         	8.835035e+01	3.554677e+01	1.511011e+01	9.590541e+01	-8.079529e+01
0.00621767    	3.697254e+02	1.484465e+02	9.785783e+01	4.186543e+02	-3.207965e+02
0.00641881    	-8.695148e+01	-3.278360e+01	2.420165e+01	-7.485066e+01	9.905231e+01
0.0065668     	-9.263189e+01	-3.876610e+01	5.936501e+01	-6.294938e+01	1.223144e+02
0.00664988    	-1.745113e+01	-9.352570e+00	9.222782e+01	2.866278e+01	6.356504e+01
0.00670332    	2.167312e+01	6.805302e+00	9.507307e+01	6.920965e+01	2.586342e+01
0.00673846    	4.167653e+01	1.670160e+01	1.555014e+02	1.194272e+02	3.607418e+01
0.00676203    	6.221333e+01	2.611902e+01	3.034199e+02	2.139233e+02	8.949661e+01
0.00677791    	4.282109e+01	2.639118e+01	5.977575e+02	3.416999e+02	2.560577e+02
0.00678868    	-7.460037e+01	-2.121772e+00	1.109608e+03	4.802036e+02	6.294043e+02
0.00679596    	-8.956499e+01	1.474967e+01	2.406053e+03	1.113461e+03	1.292591e+03
0.00680092    	-2.105614e+02	3.757452e+01	5.029518e+03	2.304198e+03	2.725321e+03
0.00680428    	-1.767233e+02	2.103159e+02	1.091849e+04	5.282523e+03	5.635970e+03
0.00680657    	1.139096e+03	9.857552e+02	2.280917e+04	1.254368e+04	1.026549e+04
0.00680812    	2.760848e+03	2.503409e+03	4.837872e+04	2.695021e+04	2.142851e+04
0.00680918    	-1.902521e+03	2.712178e+03	1.012431e+05	4.871901e+04	5.252405e+04
0.0068099     	1.560664e+02	7.269424e+03	2.259273e+05	1.131197e+05	1.128076e+05
0.00681039    	-5.095848e+02	1.436826e+04	4.688004e+05	2.338906e+05	2.349098e+05
0.00681072    	-1.777052e+04	2.642786e+04	1.042541e+06	5.035002e+05	5.390412e+05
0.00681095    	-2.273718e+04	5.674626e+04	2.219713e+06	1.087119e+06	1.132593e+06
0.0068111     	4.459714e+04	1.509917e+05	4.989410e+06	2.539302e+06	2.450108e+06
0.0068112     	1.460971e+05	3.200245e+05	1.051691e+07	5.404553e+06	5.112359e+06
0.00681128    	5.998967e+05	7.579715e+05	2.327917e+07	1.223948e+07	1.103969e+07
0.00681132    	1.463832e+06	1.596412e+06	4.879257e+07	2.586012e+07	2.293245e+07
0.00681136    	3.421924e+06	3.131540e+06	1.080179e+08	5.743089e+07	5.058705e+07
0.00681138    	9.771386e+06	7.079843e+06	2.279469e+08	1.237448e+08	1.042021e+08
0.006811394   	2.543982e+07	1.553655e+07	5.068687e+08	2.788742e+08	2.279945e+08
0.006811405   	6.472346e+07	3.474164e+07	1.068209e+09	5.988278e+08	4.693808e+08
0.006811412   	1.626916e+08	7.844341e+07	2.371597e+09	1.348490e+09	1.023107e+09
0.006811416   	3.971593e+08	1.751548e+08	5.006187e+09	2.900253e+09	2.105934e+09
0.0068114196  	9.459522e+08	3.829642e+08	1.110686e+10	6.499381e+09	4.607477e+09
0.0068114218  	2.195796e+09	8.337060e+08	2.344540e+10	1.391850e+10	9.526903e+09
0.0068114232  	5.106067e+09	1.832226e+09	5.197248e+10	3.109231e+10	2.088017e+10
0.0068114243  	1.162128e+10	4.009000e+09	1.097047e+11	6.647365e+10	4.323110e+10
0.006811425   	2.621525e+10	8.694048e+09	2.432039e+11	1.478172e+11	9.538672e+10
0.0068114254  	5.881356e+10	1.894435e+10	5.136784e+11	3.156528e+11	1.980256e+11
0.00681142575 	1.314734e+11	4.123331e+10	1.138663e+12	7.008047e+11	4.378578e+11
0.00681142596 	2.916891e+11	8.984757e+10	2.406028e+12	1.494703e+12	9.113250e+11
0.00681142611 	6.427590e+11	1.948017e+11	5.332271e+12	3.308894e+12	2.023376e+12
0.00681142621 	1.417799e+12	4.274661e+11	1.126739e+13	7.051491e+12	4.215894e+12
0.00681142628 	3.081292e+12	9.205409e+11	2.496576e+13	1.556417e+13	9.401586e+12
0.00681142633 	6.733047e+12	2.019417e+12	5.275860e+13	3.311235e+13	1.964625e+13
0.00681142636 	1.439532e+13	4.304351e+12	1.169179e+14	7.285426e+13	4.406362e+13
0.00681142638 	3.127909e+13	9.458381e+12	2.470821e+14	1.548201e+14	9.226194e+13
0.006811426393	6.607093e+13	1.999061e+13	5.476494e+14	3.398957e+14	2.077538e+14
0.006811426403	1.429397e+14	4.406182e+13	1.157422e+15	7.216509e+14	4.357715e+14
0.00681142641 	2.987699e+14	9.261512e+13	2.565713e+15	1.581626e+15	9.840866e+14
0.006811426414	6.442748e+14	2.047473e+14	5.422499e+15	3.355524e+15	2.066974e+15
0.006811426417	1.336510e+15	4.280586e+14	1.202279e+16	7.347908e+15	4.674887e+15
0.0068114264194	2.877036e+15	9.495661e+14	2.540989e+16	1.558198e+16	9.827907e+15
0.0068114264208	5.931696e+15	1.979030e+15	5.633454e+16	3.409897e+16	2.223558e+16
0.0068114264218	1.279493e+16	4.409286e+15	1.190575e+17	7.232368e+16	4.673383e+16
0.0068114264225	2.624069e+16	9.172773e+15	2.638779e+17	1.581796e+17	1.056982e+17
0.0068114264229	5.621269e+16	2.035667e+16	5.576757e+17	3.350505e+17	2.226252e+17
0.0068114264232	1.152797e+17	4.236009e+16	1.236056e+18	7.333075e+17	5.027482e+17
0.00681142642344	2.473811e+17	9.424672e+16	2.612404e+18	1.553583e+18	1.058821e+18
0.00681142642358	5.037946e+17	1.949804e+17	5.790661e+18	3.399125e+18	2.391536e+18
0.00681142642368	1.084676e+18	4.347697e+17	1.223880e+19	7.204077e+18	5.034726e+18
0.00681142642374	2.211665e+18	9.009384e+17	2.712670e+19	1.577502e+19	1.135169e+19
0.00681142642379	4.757257e+18	2.004284e+18	5.734204e+19	3.342828e+19	2.391376e+19
0.006811426423817	9.756549e+18	4.172830e+18	1.270627e+20	7.328788e+19	5.377478e+19
0.006811426423837	2.113481e+19	9.293467e+18	2.686586e+20	1.554641e+20	1.131945e+20
0.006811426423851	4.356872e+19	1.939748e+19	5.951445e+20	3.411410e+20	2.540035e+20
0.006811426423861	9.456120e+19	4.312878e+19	1.258554e+21	7.238383e+20	5.347159e+20
0.006811426423867	1.969711e+20	9.050675e+19	2.787375e+21	1.590659e+21	1.196716e+21
0.006811426423872	4.300839e+20	2.010503e+20	5.895726e+21	3.377947e+21	2.517779e+21
0.006811426423875	9.012873e+20	4.231682e+20	1.305466e+22	7.428616e+21	5.626041e+21
0.0068114264238768	1.978455e+21	9.393779e+20	2.761746e+22	1.578719e+22	1.183028e+22
0.0068114264238782	4.168871e+21	1.980899e+21	6.113902e+22	3.473838e+22	2.640064e+22
0.0068114264238791	9.202110e+21	4.397899e+21	1.293614e+23	7.388282e+22	5.547860e+22
0.0068114264238797	1.948883e+22	9.287411e+21	2.863245e+23	1.626511e+23	1.236734e+23
0.0068114264238802	4.318991e+22	2.061832e+22	6.059183e+23	3.461491e+23	2.597692e+23
0.0068114264238805	9.186987e+22	4.358986e+22	1.340908e+24	7.623237e+23	5.785840e+23
0.0068114264238807	2.042564e+23	9.676806e+22	2.837972e+24	1.623243e+24	1.214730e+24
0.0068114264238808	4.368237e+23	2.049952e+23	6.279478e+24	3.576563e+24	2.702915e+24
0.0068114264238809	9.717947e+23	4.546408e+23	1.329167e+25	7.617632e+24	5.674042e+24
0.0068114264238809	2.086208e+24	9.645252e+23	2.940673e+25	1.678957e+25	1.261716e+25
0.006811426423881	4.641914e+24	2.137840e+24	6.225007e+25	3.576695e+25	2.648312e+25
0.006811426423881	9.993455e+24	4.540571e+24	1.377098e+26	7.884837e+25	5.886146e+25
0.006811426423881	2.222447e+25	1.005962e+25	2.915349e+26	1.679919e+26	1.235430e+26
0.0068114264238811	4.795084e+25	2.138691e+25	6.448771e+26	3.703894e+26	2.744877e+26
0.0068114264238811	1.064330e+26	4.734147e+25	1.365314e+27	7.890897e+26	5.762238e+26
0.0068114264238811	2.299419e+26	1.007237e+26	3.019894e+27	1.739889e+27	1.280005e+27
0.0068114264238811	5.083545e+26	2.225555e+26	6.394265e+27	3.705487e+27	2.688778e+27
0.0068114264238811	1.100696e+27	4.738392e+26	1.414225e+28	8.171824e+27	5.970431e+27
0.0068114264238811	2.422037e+27	1.046048e+27	2.994626e+28	1.739517e+28	1.255109e+28
0.0068114264238811	5.242226e+27	2.225712e+27	6.623025e+28	3.835735e+28	2.787290e+28
0.0068114264238811	1.154195e+28	4.917331e+27	1.402475e+29	8.166571e+28	5.858181e+28
0.0068114264238811	2.487443e+28	1.044809e+28	3.101697e+29	1.799593e+29	1.302104e+29
0.0068114264238811	5.478219e+28	2.310032e+28	6.568201e+29	3.831923e+29	2.736279e+29
0.0068114264238811	1.177830e+29	4.902556e+28	1.452612e+30	8.440892e+29	6.085231e+29
0.0068114264238811	2.592839e+29	1.084762e+29	3.076127e+30	1.797347e+30	1.278780e+30
0.0068114264238811	5.560031e+29	2.298991e+29	6.803071e+30	3.957538e+30	2.845532e+30
0.0068114264238811	1.222942e+30	5.088871e+29	1.440685e+31	8.426368e+30	5.980484e+30
0.0068114264238811	2.617457e+30	1.077636e+30	3.186157e+31	1.854824e+31	1.331333e+31
0.0068114264238811	5.747311e+30	2.384402e+30	6.747454e+31	3.948458e+31	2.798996e+31
0.0068114264238811	1.228461e+31	5.047485e+30	1.492221e+32	8.689567e+31	6.232645e+31
0.0068114264238811	2.693976e+31	1.116537e+31	3.160230e+32	1.849513e+32	1.310717e+32
0.0068114264238811	5.751482e+31	2.362915e+31	6.988789e+32	4.069543e+32	2.919246e+32
0.0068114264238811	1.260483e+32	5.227441e+31	1.480149e+33	8.661229e+32	6.140264e+32
0.0068114264238811	2.687969e+32	1.105890e+32	3.273217e+33	1.905406e+33	1.367812e+33
0.0068114264238811	5.886204e+32	2.446122e+32	6.932610e+33	4.054925e+33	2.877685e+33
0.0068114264238811	1.254410e+33	5.174651e+32	1.533032e+34	8.919569e+33	6.410749e+33
0.0068114264238811	2.744875e+33	1.144281e+33	3.247063e+34	1.898019e+34	1.349044e+34
0.0068114264238811	5.848353e+33	2.420968e+33	7.180115e+34	4.174893e+34	3.005222e+34
0.0068114264238811	1.278973e+34	5.352396e+33	1.520851e+35	8.883225e+34	6.325280e+34
0.0068114264238811	2.724957e+34	1.132590e+34	3.362890e+35	1.953941e+35	1.408949e+35
0.0068114264238811	5.956966e+34	2.503507e+34	7.123334e+35	4.157363e+35	2.965970e+35
0.0068114264238811	1.268559e+35	5.296133e+34	1.575039e+36	9.143754e+35	6.606635e+35
0.0068114264238811	2.773871e+35	1.170877e+35	3.336404e+36	1.945589e+36	1.390815e+36
0.0068114264238811	5.906855e+35	2.476955e+35	7.376820e+36	4.279096e+36	3.097725e+36
0.0068114264238811	1.292155e+36	5.477141e+35	1.562691e+37	9.105612e+36	6.521301e+36
0.0068114264238811	2.752848e+36	1.159024e+36	3.454999e+37	2.002784e+37	1.452215e+37
0.0068114264238811	6.019203e+36	2.561471e+36	7.319219e+37	4.261530e+37	3.057689e+37
0.0068114264238811	1.283933e+37	5.425022e+36	1.618178e+38	9.374825e+37	6.806959e+37
0.0068114264238811	2.807052e+37	1.198505e+37	3.428117e+38	1.994764e+38	1.433353e+38
0.0068114264238811	5.991097e+37	2.539202e+37	7.578844e+38	4.388532e+38	3.190313e+38
0.0068114264238811	1.310093e+38	5.608865e+37	1.605626e+39	9.338221e+38	6.718034e+38
0.0068114264238811	2.797834e+38	1.188695e+38	3.549590e+39	2.054579e+39	1.495012e+39
0.0068114264238811	6.119977e+38	2.625526e+38	7.520232e+39	4.372114e+39	3.148118e+39
0.0068114264238811	1.307638e+39	5.565584e+38	1.662463e+40	9.619954e+39	7.004677e+39
0.0068114264238811	2.861409e+39	1.229287e+39	3.522219e+40	2.047251e+40	1.474969e+40
0.0068114264238811	6.116372e+39	2.606233e+39	7.786182e+40	4.504728e+40	3.281454e+40
0.0068114264238811	1.338938e+40	5.756668e+39	1.649680e+41	9.587335e+40	6.909460e+40
0.0068114264238811	2.862920e+40	1.220580e+40	3.646670e+41	2.109627e+41	1.537043e+41
0.0068114264238811	6.269954e+40	2.696312e+40	7.726462e+41	4.490227e+41	3.236236e+41
0.0068114264238811	1.340923e+41	5.717056e+40	1.707920e+42	9.880524e+41	7.198677e+41
0.0068114264238811	2.937849e+41	1.263062e+41	3.618765e+42	2.103168e+42	1.515598e+42
0.0068114264238811	6.283742e+41	2.678007e+41	7.999043e+42	4.627896e+42	3.371147e+42
0.0068114264238811	1.377234e+42	5.917360e+41	1.694880e+43	9.851632e+42	7.097165e+42
0.0068114264238811	2.945780e+42	1.254511e+42	3.746349e+43	2.167752e+43	1.578596e+43
0.0068114264238811	6.458627e+42	2.772458e+42	7.938095e+43	4.614910e+43	3.323185e+43
0.0068114264238811	1.381328e+43	5.876934e+42	1.754600e+44	1.015433e+44	7.391674e+43
0.0068114264238811	3.029509e+43	1.299042e+43	3.717859e+44	2.161881e+44	1.555979e+44
0.0068114264238811	6.478242e+43	2.753160e+43	8.217660e+44	4.756654e+44	3.461006e+44
0.0068114264238811	1.421194e+44	6.086831e+43	1.741282e+45	1.012760e+45	7.285217e+44
0.0068114264238811	3.038340e+44	1.289759e+44	3.848741e+45	2.228205e+45	1.620536e+45
0.0068114264238811	6.667128e+44	2.852062e+44	8.155387e+45	4.744406e+45	3.410981e+45
0.0068114264238811	1.424939e+45	6.041928e+44	1.802560e+46	1.043774e+46	7.587860e+45
0.0068114264238811	3.127459e+45	1.336343e+45	3.819618e+46	2.222555e+46	1.597063e+46
0.0068114264238811	6.682012e+45	2.830272e+45	8.442304e+46	4.889353e+46	3.552951e+46
0.0068114264238811	1.466858e+46	6.261306e+45	1.788940e+47	1.041156e+47	7.477843e+46
0.0068114264238811	3.132870e+46	1.325746e+46	3.953961e+47	2.290268e+47	1.663694e+47
0.0068114264238811	6.878607e+46	2.933530e+46	8.378612e+47	4.877167e+47	3.501445e+47
0.0068114264238811	1.468558e+47	6.209744e+46	1.851843e+48	1.072777e+48	7.790657e+47
0.0068114264238811	3.224909e+47	1.374334e+47	3.924179e+48	2.284580e+48	1.639599e+48
0.0068114264238811	6.882498e+47	2.908489e+47	8.673140e+48	5.024820e+48	3.648320e+48
0.0068114264238811	1.511589e+48	6.438267e+47	1.837918e+49	1.070118e+49	7.677998e+48
0.0068114264238811	3.224822e+48	1.362204e+48	4.062085e+49	2.353524e+49	1.708560e+49
0.0068114264238811	7.083554e+48	3.015931e+48	8.608029e+49	5.012370e+49	3.595659e+49
0.0068114264238811	1.510687e+49	6.379694e+48	1.902488e+50	1.102313e+50	8.001753e+49
0.0068114264238811	3.318762e+49	1.412705e+49	4.031642e+50	2.347697e+50	1.683945e+50
0.0068114264238811	7.075560e+49	2.987739e+49	8.910357e+50	5.162735e+50	3.747623e+50
0.0068114264238811	1.554601e+50	6.617011e+49	1.888255e+51	1.099588e+51	7.886673e+50
0.0068114264238811	3.313419e+50	1.399179e+50	4.173194e+51	2.417939e+51	1.755255e+51
0.0068114264238811	7.281034e+50	3.099244e+50	8.843814e+51	5.150010e+51	3.693804e+51
0.0068114264238811	1.551438e+51	6.552318e+50	1.954530e+52	1.132409e+52	8.221212e+51
0.0068114264238811	3.409676e+51	1.451568e+51	4.142084e+52	2.412009e+52	1.730074e+52
0.0068114264238811	7.263551e+51	3.068389e+51	9.154112e+52	5.303411e+52	3.850701e+52
0.0068114264238811	1.596592e+52	6.798452e+51	1.939985e+53	1.129652e+53	8.103331e+52
0.0068114264238811	3.400433e+52	1.436887e+52	4.287363e+53	2.483725e+53	1.803638e+53
0.0068114264238811	7.475681e+52	3.184033e+52	9.086108e+53	5.290622e+53	3.795486e+53
0.0068114264238811	1.591854e+53	6.728740e+52	2.008003e+54	1.163187e+54	8.448159e+53
0.0068114264238811	3.500229e+53	1.491226e+53	4.255568e+54	2.477807e+54	1.777761e+54
0.0068114264238811	7.451917e+53	3.150984e+53	9.404558e+54	5.447470e+54	3.957087e+54
0.0068114264238811	1.638864e+54	6.984092e+53	1.993137e+55	1.160455e+55	8.326821e+54
0.0068114264238811	3.488498e+54	1.475577e+54	4.404660e+55	2.551180e+55	1.853480e+55
0.0068114264238811	7.673608e+54	3.270993e+54	9.335051e+55	5.434886e+55	3.900165e+55
0.0068114264238811	1.633138e+55	6.910055e+54	2.062939e+56	1.194783e+56	8.681559e+55
0.0068114264238811	3.593138e+55	1.531983e+55	4.372161e+56	2.545394e+56	1.826767e+56
0.0068114264238811	7.645868e+55	3.235984e+55	9.661853e+56	5.595514e+56	4.066340e+56
0.0068114264238811	1.682561e+56	7.175205e+55	2.047743e+57	1.192128e+57	8.556154e+56
0.0068114264238811	3.579763e+56	1.515433e+56	4.525164e+57	2.620559e+57	1.904606e+57
0.0068114264238811	7.879418e+56	3.360635e+56	9.590795e+57	5.583339e+57	4.007456e+57
0.0068114264238811	1.676127e+57	7.096960e+56	2.119377e+58	1.227301e+58	8.920758e+57
0.0068114264238811	3.689732e+57	1.573907e+57	4.491923e+58	2.614935e+58	1.876988e+58
0.0068114264238811	7.849438e+57	3.323934e+57	9.926218e+58	5.748053e+58	4.178165e+58
0.0068114264238811	1.727838e+58	7.371077e+57	2.103821e+59	1.224694e+59	8.791268e+58
0.0068114264238811	3.676187e+58	1.556816e+58	4.649000e+59	2.692119e+59	1.956881e+59
0.0068114264238811	8.091768e+58	3.452198e+58	9.853384e+59	5.735869e+59	4.117515e+59
0.0068114264238811	1.721747e+59	7.291530e+58	2.177384e+60	1.260867e+60	9.165174e+59
0.0068114264238811	3.789745e+59	1.616847e+59	4.614896e+60	2.686423e+60	1.928474e+60
0.0068114264238811	8.064128e+59	3.415086e+59	1.019789e+61	5.905359e+60	4.292533e+60
0.0068114264238811	1.774989e+60	7.572641e+59	2.161416e+61	1.258207e+61	9.032093e+60
0.0068114264238811	3.777111e+60	1.599509e+60	4.776236e+61	2.765829e+61	2.010407e+61
0.0068114264238811	8.313722e+60	3.546738e+60	1.012313e+62	5.892937e+61	4.230193e+61
0.0068114264238811	1.769184e+61	7.491572e+60	2.236975e+62	1.295406e+62	9.415689e+61
0.0068114264238811	3.894089e+61	1.661167e+61	4.741231e+62	2.760025e+62	1.981207e+62
0.0068114264238811	8.286926e+61	3.508811e+61	1.047699e+63	6.067185e+62	4.409800e+62
0.0068114264238811	1.823992e+62	7.780350e+61	2.220585e+63	1.292692e+63	9.278933e+62
0.0068114264238811	3.881659e+62	1.643414e+62	4.906950e+63	2.841641e+63	2.065309e+63
0.0068114264238811	8.543640e+62	3.644059e+62	1.040025e+64	6.054487e+63	4.345759e+63
0.0068114264238811	1.818202e+63	7.697216e+62	2.298196e+64	1.330918e+64	9.672777e+63
0.0068114264238811	4.001866e+63	1.706756e+63	4.871019e+64	2.835696e+64	2.035323e+64
0.0068114264238811	8.516573e+63	3.605118e+63	1.076372e+65	6.233517e+64	4.530203e+64
0.0068114264238811	1.874474e+64	7.993865e+63	2.281372e+65	1.328133e+65	9.532384e+64
0.0068114264238811	3.989181e+64	1.688512e+64	5.041245e+65	2.919541e+65	2.121704e+65
0.0068114264238811	8.779941e+64	3.744043e+64	1.068494e+66	6.220466e+65	4.464477e+65
0.0068114264238811	1.868518e+65	7.908381e+64	2.361094e+66	1.367399e+66	9.936952e+65
0.0068114264238811	4.112422e+65	1.753571e+65	5.004358e+66	2.913421e+66	2.090937e+66
0.0068114264238811	8.751940e+65	3.703987e+65	1.105831e+67	6.404349e+66	4.653961e+66
0.0068114264238811	1.926181e+66	8.213041e+65	2.343822e+67	1.364529e+67	9.792929e+66
0.0068114264238811	4.099252e+66	1.734802e+66	5.179220e+67	2.999535e+67	2.179685e+67
0.0068114264238811	9.021719e+66	3.846653e+66	1.097743e+68	6.390889e+67	4.586545e+67
0.0068114264238811	1.919987e+67	8.125109e+66	2.425716e+68	1.404857e+68	1.020859e+68
0.0068114264238811	4.225467e+67	1.801608e+67	5.141349e+68	2.993221e+68	2.148128e+68
0.0068114264238811	8.992604e+67	3.805460e+67	1.136097e+69	6.579747e+68	4.781227e+68
0.0068114264238811	1.979036e+68	8.437933e+67	2.407983e+69	1.401895e+69	1.006088e+69
0.0068114264238811	4.211792e+68	1.782313e+68	5.320975e+69	3.081667e+69	2.239308e+69
0.0068114264238811	9.268882e+68	3.951942e+68	1.127794e+70	6.565856e+69	4.712080e+69
0.0068114264238811	1.972620e+69	8.347572e+68	2.492108e+70	1.443316e+70	1.048792e+70
0.0068114264238811	4.341065e+69	1.850904e+69	5.282092e+70	3.075152e+70	2.206939e+70
0.0068114264238811	9.238812e+69	3.909629e+69	1.167193e+71	6.759846e+70	4.912083e+70
0.0068114264238811	2.033114e+70	8.668750e+69	2.473901e+71	1.440262e+71	1.033639e+71
0.0068114264238811	4.326990e+70	1.831094e+70	5.466614e+71	3.166006e+71	2.300608e+71
0.0068114264238811	9.521922e+70	4.060023e+70	1.158667e+72	6.745526e+71	4.841142e+71
0.0068114264238811	2.026533e+71	8.576013e+70	2.560319e+72	1.482813e+72	1.077506e+72
0.0068114264238811	4.459499e+71	1.901517e+71	5.426688e+72	3.159294e+72	2.267394e+72
0.0068114264238811	9.491184e+71	4.016614e+71	1.199140e+73	6.944819e+72	5.046582e+72
0.0068114264238811	2.088560e+72	8.905780e+71	2.541623e+73	1.479668e+73	1.061956e+73
0.0068114264238811	4.445155e+72	1.881200e+72	5.616240e+73	3.252636e+73	2.363605e+73
0.0068114264238811	9.781561e+72	4.171034e+72	1.190385e+74	6.930081e+73	4.973769e+73
0.0068114264238811	2.081872e+73	8.810690e+72	2.630398e+74	1.523386e+74	1.107012e+74
0.0068114264238811	4.581105e+73	1.953511e+73	5.575242e+74	3.245732e+74	2.329511e+74
0.0068114264238811	9.750389e+73	4.126531e+73	1.231962e+75	7.134848e+74	5.184770e+74
0.0068114264238811	2.145526e+74	9.149310e+73	2.611199e+75	1.520152e+75	1.091047e+75
0.0068114264238811	4.566582e+74	1.932683e+74	5.769963e+75	3.341640e+75	2.428323e+75
0.0068114264238811	1.004845e+75	4.285103e+74	1.222971e+76	7.119701e+75	5.110012e+75
0.0068114264238811	2.138761e+75	9.051835e+74	2.702395e+76	1.565073e+76	1.137321e+76
0.0068114264238811	4.706153e+75	2.006941e+75	5.727862e+76	3.334546e+76	2.393316e+76
0.0068114264238811	1.001694e+76	4.239483e+75	1.265682e+77	7.330103e+76	5.326716e+76
0.0068114264238811	2.204120e+76	9.399583e+75	2.682679e+77	1.561752e+77	1.120928e+77
0.0068114264238811	4.691473e+76	1.985589e+76	5.927893e+77	3.433094e+77	2.494799e+77
0.0068114264238811	1.032301e+77	4.402334e+76	1.256449e+78	7.314547e+77	5.249946e+77
0.0068114264238811	2.197279e+77	9.299642e+76	2.776362e+78	1.607909e+78	1.168453e+78
0.0068114264238811	4.834804e+77	2.061854e+77	5.884657e+78	3.425809e+78	2.458848e+78
0.0068114264238811	1.029112e+78	4.355553e+77	1.300325e+79	7.530737e+78	5.472513e+78
0.0068114264238811	2.264400e+78	9.656795e+77	2.756115e+79	1.604498e+79	1.151617e+79
0.0068114264238811	4.819934e+78	2.039955e+78	6.090146e+79	3.527066e+79	2.563080e+79
0.0068114264238811	1.060544e+79	4.522812e+78	1.290843e+80	7.514760e+79	5.393672e+79
0.0068114264238811	2.257463e+79	9.554279e+78	2.852354e+80	1.651923e+80	1.200431e+80
0.0068114264238811	4.967127e+79	2.118285e+79	6.045743e+80	3.519584e+80	2.526159e+80
0.0068114264238811	1.057306e+80	4.474818e+79	1.335916e+81	7.736888e+80	5.622276e+80
0.0068114264238811	2.326390e+80	9.921110e+79	2.831560e+81	1.648419e+81	1.183141e+81
0.0068114264238811	4.952007e+80	2.095814e+80	6.256840e+81	3.623621e+81	2.633219e+81
0.0068114264238811	1.089583e+81	4.646611e+80	1.326178e+82	7.720475e+81	5.541309e+81
0.0068114264238811	2.319327e+81	9.815902e+80	2.930427e+82	1.697146e+82	1.233281e+82
0.0068114264238811	5.103148e+81	2.176268e+81	6.211237e+82	3.615933e+82	2.595303e+82
0.0068114264238811	1.086282e+82	4.597350e+81	1.372482e+83	7.948692e+82	5.776128e+82
0.0068114264238811	2.390100e+82	1.019268e+82	2.909070e+83	1.693545e+83	1.215525e+83
0.0068114264238811	5.087718e+82	2.153203e+82	6.428098e+83	3.722821e+83	2.705277e+83
0.0068114264238811	1.119422e+83	4.773804e+82	1.362481e+84	7.931825e+83	5.692981e+83
0.0068114264238811	2.382886e+83	1.008468e+83	3.010636e+84	1.743607e+84	1.267030e+84
0.0068114264238811	5.242895e+83	2.235839e+83	6.381260e+84	3.714920e+84	2.666341e+84
0.0068114264238811	1.116048e+84	4.723230e+83	1.410049e+85	8.166292e+84	5.934196e+84
0.0068114264238811	2.455546e+84	1.047168e+84	2.988702e+85	1.739905e+85	1.248796e+85
0.0068114264238811	5.227114e+84	2.212158e+84	6.604044e+85	3.824733e+85	2.779310e+85
0.0068114264238811	1.150071e+85	4.904471e+84	1.399776e+86	8.148953e+85	5.848811e+85
0.0068114264238811	2.448165e+85	1.036079e+85	3.093042e+86	1.791337e+86	1.301704e+86
0.0068114264238811	5.386427e+85	2.297036e+85	6.555937e+86	3.816611e+86	2.739326e+86
0.0068114264238811	1.146618e+86	4.852545e+85	1.448644e+87	8.389837e+86	6.096601e+86
0.0068114264238811	2.522763e+86	1.075830e+86	3.070513e+87	1.787533e+87	1.282980e+87
0.0068114264238811	5.370273e+86	2.272721e+86	6.784806e+87	3.929431e+87	2.855376e+87
0.0068114264238811	1.181549e+87	5.038705e+86	1.438093e+88	8.372015e+87	6.008917e+87
0.0068114264238811	2.515206e+87	1.064444e+87	3.177703e+88	1.840372e+88	1.337331e+88
0.0068114264238811	5.533840e+87	2.359904e+87	6.735396e+88	3.921082e+88	2.814314e+88
0.0068114264238811	1.178014e+88	4.985389e+87	1.488295e+89	8.619491e+88	6.263464e+88
0.0068114264238811	2.591799e+88	1.105274e+88	3.154563e+89	1.836462e+89	1.318102e+89
0.0068114264238811	5.517304e+88	2.334938e+88	6.970517e+89	4.036989e+89	2.933528e+89
0.0068114264238811	1.213880e+89	5.176606e+88	1.477459e+90	8.601173e+89	6.173414e+89
0.0068114264238811	2.584064e+89	1.093583e+89	3.264682e+90	1.890747e+90	1.373935e+90
0.0068114264238811	5.685256e+89	2.424490e+89	6.919767e+90	4.028409e+90	2.891358e+90
0.0068114264238811	1.210262e+90	5.121864e+89	1.529033e+91	8.855425e+90	6.434901e+90
0.0068114264238811	2.662713e+90	1.135523e+90	3.240914e+91	1.886729e+91	1.354186e+91
0.0068114264238811	5.668334e+90	2.398857e+90	7.161312e+91	4.147489e+91	3.013823e+91
0.0068114264238811	1.247092e+91	5.318280e+90	1.517902e+92	8.836601e+91	6.342417e+91
0.0068114264238811	2.654798e+91	1.123519e+91	3.354042e+92	1.942501e+92	1.411541e+92
0.0068114264238811	5.840808e+91	2.490844e+91	7.109184e+92	4.138673e+92	2.970511e+92
0.0068114264238811	1.243390e+92	5.262072e+91	1.570885e+93	9.097814e+92	6.611034e+92
0.0068114264238811	2.735567e+92	1.166600e+92	3.329629e+93	1.938371e+93	1.391258e+93
0.0068114264238811	5.823492e+92	2.464524e+92	7.357330e+93	4.261014e+93	3.096316e+93
0.0068114264238811	1.281215e+93	5.463833e+92	1.559452e+94	9.078474e+93	6.516044e+93
0.0068114264238811	2.727467e+93	1.154275e+93	3.445848e+94	1.995671e+94	1.450177e+94
0.0068114264238811	6.000628e+93	2.559016e+93	7.303786e+94	4.251956e+94	3.051830e+94
0.0068114264238811	1.277426e+94	5.406118e+93	1.613883e+95	9.346839e+94	6.791987e+94
0.0068114264238811	2.810422e+94	1.198529e+94	3.420772e+95	1.991428e+95	1.429344e+95
0.0068114264238811	5.982904e+94	2.531989e+94	7.558713e+95	4.377647e+95	3.181066e+95
0.0068114264238811	1.316275e+95	5.613376e+94	1.602139e+96	9.326971e+95	6.694421e+95
0.0068114264238811	2.802131e+95	1.185873e+95	3.540167e+96	2.050296e+96	1.489870e+96
0.0068114264238811	6.164841e+95	2.629056e+95	7.503715e+96	4.368342e+96	3.135373e+96
0.0068114264238811	1.312396e+96	5.554108e+95	1.658057e+97	9.602683e+96	6.977891e+96
0.0068114264238811	2.887336e+96	1.231333e+96	3.514410e+97	2.045939e+97	1.468471e+97
0.0068114264238811	6.146692e+96	2.601301e+96	7.765608e+97	4.497473e+97	3.268135e+97
0.0068114264238811	1.352299e+97	5.767018e+96	1.645995e+98	9.582274e+97	6.877676e+97
0.0068114264238811	2.878843e+97	1.218335e+97	3.637067e+98	2.106418e+98	1.530649e+98
0.0068114264238811	6.333567e+97	2.701015e+97	7.709116e+98	4.487915e+98	3.221201e+98
0.0068114264238811	1.348325e+98	5.706149e+97	1.703441e+99	9.865532e+98	7.168882e+98
0.0068114264238811	2.966362e+98	1.265036e+98	3.610611e+99	2.101942e+99	1.508669e+99
0.0068114264238811	6.314970e+98	2.672510e+98	7.978166e+99	4.620580e+99	3.357586e+99
0.0068114264238811	1.389312e+99	5.924869e+98	1.691051e+100	9.844568e+99	7.065944e+99
0.0068114264238811	2.957658e+99	1.251686e+99	3.736620e+100	2.164076e+100	1.572544e+100
0.0068114264238811	6.506924e+99	2.774946e+99	7.920139e+100	4.610762e+100	3.309377e+100
0.0068114264238811	1.385238e+100	5.862350e+99	1.750068e+101	1.013558e+101	7.365100e+100
0.0068114264238811	3.047555e+100	1.299662e+100	3.709445e+101	2.159478e+101	1.549967e+101
0.0068114264238811	6.487854e+100	2.745668e+100	8.196543e+101	4.747057e+101	3.449486e+101
0.0068114264238811	1.427340e+101	6.087043e+100	1.737341e+102	1.011404e+102	7.259363e+101
0.0068114264238811	3.038629e+101	1.285950e+101	3.838898e+102	2.223312e+102	1.615586e+102
0.0068114264238811	6.685030e+101	2.850902e+101	8.136939e+102	4.736972e+102	3.399966e+102
0.0068114264238811	1.423161e+102	6.022826e+101	1.797970e+103	1.041301e+103	7.566690e+102
0.0068114264238811	3.130973e+102	1.335236e+102	3.810984e+103	2.218589e+103	1.592395e+103
0.0068114264238811	6.665467e+102	2.820827e+102	8.420898e+103	4.876996e+103	3.543902e+103
0.0068114264238811	1.466409e+103	6.253658e+102	1.784897e+104	1.039090e+104	7.458077e+103
0.0068114264238811	3.121813e+103	1.321151e+103	3.943976e+104	2.284169e+104	1.659807e+104
0.0068114264238811	6.868012e+103	2.928937e+103	8.359673e+104	4.866638e+104	3.493035e+104
0.0068114264238811	1.462121e+104	6.187691e+103	1.847184e+105	1.069804e+105	7.773799e+104
0.0068114264238811	3.216673e+104	1.371785e+104	3.915303e+105	2.279319e+105	1.635984e+105
0.0068114264238811	6.847933e+104	2.898042e+104	8.651393e+105	5.010490e+105	3.640903e+105
0.0068114264238811	1.506547e+105	6.424834e+104	1.833755e+106	1.067532e+106	7.662230e+105
0.0068114264238811	3.207272e+105	1.357315e+105	4.051930e+106	2.346692e+106	1.705238e+106
0.0068114264238811	7.056001e+105	3.009108e+105	8.588504e+106	4.999852e+106	3.588652e+106
0.0068114264238811	1.502145e+106	6.357067e+105	1.897745e+107	1.099087e+107	7.986579e+106
0.0068114264238811	3.304718e+106	1.409333e+106	4.022477e+107	2.341710e+107	1.680767e+107
0.0068114264238811	7.035387e+106	2.977370e+106	8.888198e+107	5.147638e+107	3.740560e+107
0.0068114264238811	1.547784e+107	6.600696e+106	1.883951e+108	1.096754e+108	7.871972e+107
0.0068114264238811	3.295066e+107	1.394469e+107	4.162839e+108	2.410926e+108	1.751913e+108
0.0068114264238811	7.249134e+107	3.091475e+107	8.823598e+108	5.136712e+108	3.686886e+108
0.0068114264238811	1.543264e+108	6.531077e+107	1.949690e+109	1.129171e+109	8.205185e+108
0.0068114264238811	3.395174e+108	1.447910e+108	4.132585e+109	2.405810e+109	1.726775e+109
0.0068114264238811	7.227966e+108	3.058868e+108	9.131485e+109	5.288539e+109	3.842946e+109
0.0068114264238811	1.590149e+109	6.781373e+108	1.935521e+110	1.126775e+110	8.087455e+109
0.0068114264238811	3.385261e+109	1.432639e+109	4.276784e+110	2.476918e+110	1.799866e+110
0.0068114264238811	7.447556e+109	3.176096e+109	9.065128e+110	5.277320e+110	3.787808e+110
0.0068114264238811	1.585507e+110	6.709848e+109	2.003056e+111	1.160079e+111	8.429775e+110
0.0068114264238811	3.488106e+110	1.487543e+110	4.245707e+111	2.471664e+111	1.774043e+111
0.0068114264238811	7.425813e+110	3.142596e+110	9.381430e+111	5.433296e+111	3.948134e+111
0.0068114264238811	1.633675e+111	6.966998e+110	1.988502e+112	1.157619e+112	8.308836e+111
0.0068114264238811	3.477923e+111	1.471853e+111	4.393847e+112	2.544716e+112	1.849131e+112
0.0068114264238811	7.651413e+111	3.263035e+111	9.313269e+112	5.421776e+112	3.891493e+112
0.0068114264238811	1.628905e+112	6.893511e+111	2.057884e+113	1.191832e+113	8.660513e+112
0.0068114264238811	3.583584e+112	1.528262e+112	4.361925e+113	2.539321e+113	1.822604e+113
0.0068114264238811	7.629073e+112	3.228616e+112	9.638218e+113	5.582016e+113	4.056201e+113
0.0068114264238811	1.678393e+113	7.157705e+112	2.042934e+114	1.189306e+114	8.536276e+113
0.0068114264238811	3.573120e+113	1.512141e+113	4.514115e+114	2.614370e+114	1.899745e+114
0.0068114264238811	7.860854e+113	3.352354e+113	9.568203e+114	5.570187e+114	3.998016e+114
0.0068114264238811	1.673492e+114	7.082199e+113	2.114212e+115	1.224455e+115	8.897568e+114
0.0068114264238811	3.681678e+114	1.570095e+114	4.481325e+115	2.608830e+115	1.872495e+115
0.0068114264238811	7.837895e+114	3.316989e+114	9.902034e+115	5.734806e+115	4.167227e+115
0.0068114264238811	1.724336e+115	7.353635e+114	2.098855e+116	1.221861e+116	8.769941e+115
0.0068114264238811	3.670923e+115	1.553531e+115	4.637675e+116	2.685930e+116	1.951745e+116
0.0068114264238811	8.076032e+115	3.444119e+115	9.830115e+116	5.722661e+116	4.107454e+116
0.0068114264238811	1.719298e+116	7.276051e+115	2.172082e+117	1.257971e+117	9.141111e+116
0.0068114264238811	3.782459e+116	1.613074e+116	4.603993e+117	2.680242e+117	1.923751e+117
0.0068114264238811	8.052430e+116	3.407780e+116	1.017307e+118	5.891778e+117	4.281292e+117
0.0068114264238811	1.771538e+117	7.554930e+116	2.156308e+118	1.255308e+118	9.010001e+117
0.0068114264238811	3.771402e+117	1.596053e+117	4.764616e+118	2.759448e+118	2.005168e+118
0.0068114264238811	8.297105e+117	3.538397e+117	1.009920e+119	5.879309e+118	4.219888e+118
0.0068114264238811	1.766357e+118	7.475208e+117	2.231536e+119	1.292404e+119	9.391321e+118
0.0068114264238811	3.886000e+118	1.657230e+118	4.730019e+119	2.753609e+119	1.976409e+119
0.0068114264238811	8.272835e+118	3.501056e+118	1.045153e+120	6.053047e+119	4.398480e+119
0.0068114264238811	1.820032e+119	7.761737e+118	2.215333e+120	1.289670e+120	9.256631e+119
0.0068114264238811	3.874629e+119	1.639740e+119	4.895033e+120	2.834979e+120	2.060053e+120
0.0068114264238811	8.524233e+119	3.635257e+119	1.037564e+121	6.040245e+120	4.335398e+120
0.0068114264238811	1.814704e+120	7.679813e+119	2.292617e+121	1.327779e+121	9.648380e+120
0.0068114264238811	3.992377e+120	1.702595e+120	4.859495e+121	2.828985e+121	2.030510e+121
0.0068114264238811	8.499270e+120	3.596884e+120	1.073760e+122	6.218729e+121	4.518875e+121
0.0068114264238811	1.869855e+121	7.974206e+120	2.275973e+122	1.324972e+122	9.510012e+121
0.0068114264238811	3.980681e+121	1.684621e+121	5.029019e+122	2.912577e+122	2.116441e+122
0.0068114264238811	8.757581e+121	3.734768e+121	1.065966e+123	6.205587e+122	4.454071e+122
0.0068114264238811	1.864374e+122	7.890018e+121	2.355370e+123	1.364122e+123	9.912476e+122
0.0068114264238811	4.101668e+122	1.749202e+122	4.992515e+123	2.906424e+123	2.086091e+123
0.0068114264238811	8.731899e+122	3.695334e+122	1.103151e+124	6.388946e+123	4.642566e+123
0.0068114264238811	1.921042e+123	8.192494e+122	2.338274e+124	1.361241e+124	9.770329e+123
0.0068114264238811	4.089633e+123	1.730731e+123	5.166672e+124	2.992299e+124	2.174373e+124
0.0068114264238811	8.997319e+123	3.837005e+123	1.095145e+125	6.375455e+124	4.575992e+124
0.0068114264238811	1.915402e+124	8.105974e+123	2.419841e+125	1.401461e+125	1.018380e+125
0.0068114264238811	4.213951e+124	1.797085e+124	5.129176e+125	2.985983e+125	2.143193e+125
0.0068114264238811	8.970892e+124	3.796478e+124	1.133346e+126	6.563821e+125	4.769643e+125
0.0068114264238811	1.973630e+125	8.416758e+124	2.402280e+126	1.398503e+126	1.003777e+126
0.0068114264238811	4.201566e+125	1.778102e+125	5.308093e+126	3.074203e+126	2.233890e+126
0.0068114264238811	9.243623e+125	3.942041e+125	1.125122e+127	6.549974e+126	4.701249e+126
0.0068114264238811	1.967827e+126	8.327839e+125	2.486076e+127	1.439821e+127	1.046255e+127
0.0068114264238811	4.329309e+126	1.846279e+126	5.269578e+127	3.067720e+127	2.201858e+127
0.0068114264238811	9.216423e+126	3.900390e+126	1.164368e+128	6.743482e+127	4.900198e+127
0.0068114264238811	2.027660e+127	8.647164e+126	2.468038e+128	1.436785e+128	1.031253e+128
0.0068114264238811	4.316562e+127	1.826769e+127	5.453385e+128	3.158349e+128	2.295036e+128
0.0068114264238811	9.496673e+127	4.049953e+127	1.155921e+129	6.729270e+128	4.829936e+128
0.0068114264238811	2.021685e+128	8.555775e+127	2.554124e+129	1.479231e+129	1.074894e+129
0.0068114264238811	4.447827e+128	1.896821e+128	5.413824e+129	3.151695e+129	2.262129e+129
0.0068114264238811	9.468670e+128	4.007145e+128	1.196239e+130	6.928061e+129	5.034327e+129
0.0068114264238811	2.083168e+129	8.883878e+128	2.535597e+130	1.476115e+130	1.059482e+130
0.0068114264238811	4.434702e+129	1.876768e+129	5.602654e+130	3.244797e+130	2.357857e+130
0.0068114264238811	9.756653e+129	4.160820e+129	1.187562e+131	6.913475e+130	4.962145e+130
0.0068114264238811	2.077017e+130	8.789948e+129	2.624035e+131	1.519719e+131	1.104316e+131
0.0068114264238811	4.569591e+130	1.948746e+130	5.562018e+131	3.237968e+131	2.324050e+131
0.0068114264238811	9.727818e+130	4.116820e+130	1.228982e+132	7.117692e+131	5.172128e+131
0.0068114264238811	2.140198e+131	9.127075e+130	2.605004e+132	1.516522e+132	1.088482e+132
0.0068114264238811	4.556075e+131	1.928135e+131	5.756008e+132	3.333611e+132	2.422396e+132
0.0068114264238811	1.002375e+132	4.274723e+131	1.220069e+133	7.102723e+132	5.097972e+132
0.0068114264238811	2.133862e+132	9.030528e+131	2.695859e+133	1.561316e+133	1.134543e+133
0.0068114264238811	4.694690e+132	2.002093e+132	5.714269e+133	3.326603e+133	2.387665e+133
0.0068114264238811	9.994055e+132	4.229497e+132	1.262621e+134	7.312512e+133	5.313701e+133
0.0068114264238811	2.198789e+133	9.376931e+132	2.676312e+134	1.558035e+134	1.118277e+134
0.0068114264238811	4.680768e+133	1.980908e+133	5.913559e+134	3.424856e+134	2.488703e+134
0.0068114264238811	1.029817e+134	4.391745e+133	1.253467e+135	7.297151e+134	5.237517e+134
0.0068114264238811	2.192262e+134	9.277691e+133	2.769650e+135	1.604051e+135	1.165599e+135
0.0068114264238811	4.823216e+134	2.056901e+134	5.870688e+135	3.417665e+135	2.453022e+135
0.0068114264238811	1.026758e+135	4.345257e+134	1.297181e+136	7.512664e+135	5.459149e+135
0.0068114264238811	2.258985e+135	9.633629e+134	2.749572e+136	1.600684e+136	1.148887e+136
0.0068114264238811	4.808872e+135	2.035125e+135	6.075423e+136	3.518599e+136	2.556824e+136
0.0068114264238811	1.058010e+136	4.511971e+135	1.287779e+137	7.496903e+136	5.380882e+136
0.0068114264238811	2.252260e+136	9.531616e+135	2.845459e+137	1.647956e+137	1.197504e+137
0.0068114264238811	4.955262e+136	2.113210e+136	6.031388e+137	3.511220e+137	2.520168e+137
0.0068114264238811	1.054858e+137	4.464184e+136	1.332687e+138	7.718294e+137	5.608578e+137
0.0068114264238811	2.320830e+137	9.897356e+136	2.824837e+138	1.644501e+138	1.180336e+138
0.0068114264238811	4.940481e+137	2.090824e+137	6.241717e+138	3.614907e+138	2.626810e+138
0.0068114264238811	1.086976e+138	4.635490e+137	1.323029e+139	7.702123e+138	5.528171e+138
0.0068114264238811	2.313899e+138	9.792488e+137	2.923344e+139	1.693062e+139	1.230282e+139
0.0068114264238811	5.090924e+138	2.171062e+138	6.196488e+139	3.607336e+139	2.589152e+139
0.0068114264238811	1.083727e+139	4.586364e+138	1.369165e+140	7.929551e+139	5.762098e+139
0.0068114264238811	2.384369e+139	1.016831e+139	2.902163e+140	1.689518e+140	1.212644e+140
0.0068114264238811	5.075689e+139	2.148048e+139	6.412563e+140	3.713850e+140	2.698712e+140
0.0068114264238811	1.116735e+140	4.762392e+139	1.359245e+141	7.912962e+140	5.679492e+140
0.0068114264238811	2.377224e+140	1.006050e+140	3.003360e+141	1.739403e+141	1.263958e+141
0.0068114264238811	5.230303e+140	2.230497e+140	6.366108e+141	3.706084e+141	2.660023e+141
0.0068114264238811	1.113385e+141	4.711888e+140	1.406641e+142	8.146590e+141	5.919820e+141
0.0068114264238811	2.449648e+141	1.044668e+141	2.981605e+142	1.735767e+142	1.245838e+142
0.0068114264238811	5.214595e+141	2.206838e+141	6.588084e+142	3.815502e+142	2.772583e+142
0.0068114264238811	1.147309e+142	4.892768e+141	1.396453e+143	8.129573e+142	5.834954e+142
0.0068114264238811	2.442282e+142	1.033584e+142	3.085567e+143	1.787012e+143	1.298555e+143
0.0068114264238811	5.373501e+142	2.291560e+142	6.540370e+143	3.807535e+143	2.732835e+143
0.0068114264238811	1.143855e+143	4.840846e+142	1.445143e+144	8.369569e+143	6.081860e+143
0.0068114264238811	2.516716e+143	1.073267e+143	3.063222e+144	1.783283e+144	1.279939e+144
0.0068114264238811	5.357300e+143	2.267235e+143	6.768409e+144	3.919935e+144	2.848475e+144
0.0068114264238811	1.178721e+144	5.026716e+143	1.434679e+145	8.352114e+144	5.994672e+144
0.0068114264238811	2.509118e+144	1.061872e+144	3.170023e+145	1.835923e+145	1.334100e+145
0.0068114264238811	5.520620e+144	2.354295e+144	6.719404e+145	3.911764e+145	2.807640e+145
0.0068114264238811	1.175158e+145	4.973331e+144	1.484698e+146	8.598650e+145	6.248335e+145
0.0068114264238811	2.585621e+145	1.102650e+145	3.147074e+146	1.832099e+146	1.314975e+146
0.0068114264238811	5.503909e+145	2.329286e+145	6.953670e+146	4.027226e+146	2.926444e+146
0.0068114264238811	1.210993e+146	5.164332e+145	1.473951e+147	8.580748e+146	6.158762e+146
0.0068114264238811	2.577782e+146	1.090933e+146	3.256791e+147	1.886174e+147	1.370617e+147
0.0068114264238811	5.671771e+146	2.418749e+146	6.903339e+147	4.018846e+147	2.884492e+147
0.0068114264238811	1.207317e+147	5.109441e+146	1.525337e+148	8.834000e+147	6.419367e+147
0.0068114264238811	2.656413e+147	1.132837e+147	3.233221e+148	1.882252e+148	1.350969e+148
0.0068114264238811	5.654527e+147	2.393033e+147	7.144001e+148	4.137453e+148	3.006548e+148
0.0068114264238811	1.244150e+148	5.305717e+147	1.514298e+149	8.815642e+148	6.327343e+148
0.0068114264238811	2.648325e+148	1.120789e+148	3.345934e+149	1.937799e+149	1.408134e+149
0.0068114264238811	5.827063e+148	2.484968e+148	7.092309e+149	4.128861e+149	2.963448e+149
0.0068114264238811	1.240355e+149	5.249275e+148	1.567087e+150	9.075791e+149	6.595080e+149
0.0068114264238811	2.729146e+149	1.163851e+149	3.321726e+150	1.933778e+150	1.387948e+150
0.0068114264238811	5.809263e+149	2.458525e+149	7.339541e+150	4.250697e+150	3.088844e+150
0.0068114264238811	1.278215e+150	5.450974e+149	1.555751e+151	9.056967e+150	6.500538e+150
0.0068114264238811	2.720796e+150	1.151462e+150	3.437516e+151	1.990838e+151	1.446678e+151
0.0068114264238811	5.986609e+150	2.553000e+150	7.286452e+151	4.241887e+151	3.044565e+151
0.0068114264238811	1.274297e+151	5.392933e+150	1.609980e+152	9.324198e+151	6.775603e+151
0.0068114264238811	2.803871e+151	1.195715e+151	3.412654e+152	1.986714e+152	1.425940e+152
0.0068114264238811	5.968231e+151	2.525807e+151	7.540433e+152	4.367040e+152	3.173394e+152
0.0068114264238811	1.313213e+152	5.600211e+151	1.598337e+153	9.304900e+152	6.678474e+152
0.0068114264238811	2.795248e+152	1.182975e+152	3.531605e+153	2.045327e+153	1.486277e+153
0.0068114264238811	6.150528e+152	2.622897e+152	7.485911e+153	4.358008e+153	3.127903e+153
0.0068114264238811	1.309167e+153	5.540521e+152	1.654047e+154	9.579403e+153	6.961068e+153
0.0068114264238811	2.880644e+153	1.228451e+153	3.506072e+154	2.041100e+154	1.464972e+154
0.0068114264238811	6.131545e+153	2.594931e+153	7.746823e+154	4.486566e+154	3.260257e+154
0.0068114264238811	1.349171e+154	5.753535e+153	1.642090e+155	9.559622e+154	6.861281e+154
0.0068114264238811	2.871737e+154	1.215349e+154	3.628268e+155	2.101308e+155	1.526961e+155
0.0068114264238811	6.318939e+154	2.694707e+154	7.690830e+155	4.477309e+155	3.213521e+155
0.0068114264238811	1.344991e+155	5.692145e+154	1.699320e+156	9.841591e+155	7.151609e+155
0.0068114264238811	2.959521e+155	1.262085e+155	3.602047e+156	2.096976e+156	1.505072e+156
0.0068114264238811	6.299324e+155	2.665944e+155	7.958861e+156	4.609363e+156	3.349498e+156
0.0068114264238811	1.386114e+156	5.911060e+155	1.687041e+157	9.821318e+156	7.049091e+156
0.0068114264238811	2.950316e+156	1.248608e+156	3.727577e+157	2.158820e+157	1.568757e+157
0.0068114264238811	6.491966e+156	2.768486e+156	7.901360e+157	4.599876e+157	3.301483e+157
0.0068114264238811	1.381793e+157	5.847916e+156	1.745832e+158	1.011095e+158	7.347366e+157
0.0068114264238811	3.040560e+157	1.296639e+157	3.700650e+158	2.154381e+158	1.546269e+158
0.0068114264238811	6.471689e+157	2.738900e+157	8.176702e+158	4.735520e+158	3.441182e+158
0.0068114264238811	1.424069e+158	6.072901e+157	1.733222e+159	1.009018e+159	7.242042e+158
0.0068114264238811	3.031043e+158	1.282777e+158	3.829604e+159	2.217907e+159	1.611698e+159
0.0068114264238811	6.669735e+158	2.844285e+158	8.117653e+159	4.725800e+159	3.391853e+159
0.0068114264238811	1.419602e+159	6.007948e+158	1.793617e+160	1.038769e+160	7.548481e+159
0.0068114264238811	3.123821e+159	1.332141e+159	3.801953e+160	2.213358e+160	1.588594e+160
0.0068114264238811	6.648766e+159	2.813851e+159	8.400504e+160	4.865129e+160	3.535376e+160
0.0068114264238811	1.463065e+160	6.239175e+159	1.780668e+161	1.036641e+161	7.440275e+160
0.0068114264238811	3.113977e+160	1.317880e+160	3.934423e+161	2.278609e+161	1.655814e+161
0.0068114264238811	6.852378e+160	2.922162e+160	8.339869e+161	4.855172e+161	3.484697e+161
0.0068114264238811	1.458444e+161	6.172355e+160	1.842709e+162	1.067199e+162	7.755102e+161
0.0068114264238811	3.209364e+161	1.368615e+161	3.906029e+162	2.273951e+162	1.632078e+162
0.0068114264238811	6.830682e+161	2.890851e+161	8.630431e+162	4.998284e+162	3.632147e+162
0.0068114264238811	1.503130e+162	6.410006e+161	1.829413e+163	1.065019e+163	7.643934e+162
0.0068114264238811	3.199177e+162	1.353944e+162	4.042111e+163	2.340973e+163	1.701138e+163
0.0068114264238811	7.040028e+162	3.002172e+162	8.568168e+163	4.988087e+163	3.580081e+163
0.0068114264238811	1.498347e+163	6.341257e+162	1.893145e+164	1.096407e+164	7.967378e+163
0.0068114264238811	3.297252e+163	1.406089e+163	4.012955e+164	2.336203e+164	1.676752e+164
0.0068114264238811	7.017569e+163	2.969957e+163	8.866650e+164	5.135082e+164	3.731568e+164
0.0068114264238811	1.544294e+164	6.585519e+163	1.879492e+165	1.094176e+165	7.853167e+164
0.0068114264238811	3.286705e+164	1.390993e+164	4.152745e+165	2.405043e+165	1.747702e+165
0.0068114264238811	7.232824e+164	3.084375e+164	8.802719e+165	5.124642e+165	3.678077e+165
0.0068114264238811	1.539341e+165	6.514777e+164	1.944961e+166	1.126415e+166	8.185464e+165
0.0068114264238811	3.387551e+165	1.444590e+165	4.122808e+166	2.400159e+166	1.722649e+166
0.0068114264238811	7.209561e+165	3.051225e+165	9.109333e+166	5.275622e+166	3.833710e+166
0.0068114264238811	1.586587e+166	6.765842e+165	1.930943e+167	1.124130e+167	8.068128e+166
0.0068114264238811	3.376624e+166	1.429055e+166	4.266406e+167	2.470866e+167	1.795541e+167
0.0068114264238811	7.430909e+166	3.168832e+166	9.043692e+167	5.264937e+167	3.778755e+167
0.0068114264238811	1.581454e+167	6.693040e+166	1.998195e+168	1.157243e+168	8.409520e+167
0.0068114264238811	3.480327e+167	1.484146e+167	4.235670e+168	2.465867e+168	1.769802e+168
0.0068114264238811	7.406798e+167	3.134714e+167	9.358656e+168	5.420008e+168	3.938648e+168
0.0068114264238811	1.630040e+168	6.951107e+167	1.983802e+169	1.154905e+169	8.288972e+168
0.0068114264238811	3.469000e+168	1.468157e+168	4.383178e+169	2.538489e+169	1.844689e+169
0.0068114264238811	7.634427e+168	3.255603e+168	9.291263e+169	5.409074e+169	3.882189e+169
0.0068114264238811	1.624718e+169	6.876175e+168	2.052885e+170	1.188915e+170	8.639709e+169
0.0068114264238811	3.575648e+169	1.524786e+169	4.351622e+170	2.533376e+170	1.818246e+170
0.0068114264238811	7.609420e+169	3.220485e+169	9.614801e+170	5.568343e+170	4.046459e+170
0.0068114264238811	1.674685e+170	7.141453e+169	2.038109e+171	1.186523e+171	8.515862e+170
0.0068114264238811	3.563897e+170	1.508328e+170	4.503145e+171	2.607962e+171	1.895183e+171
0.0068114264238811	7.843530e+170	3.344754e+170	9.545614e+171	5.557160e+171	3.988454e+171
0.0068114264238811	1.669163e+171	7.064315e+170	2.109072e+172	1.221452e+172	8.876199e+171
0.0068114264238811	3.673585e+171	1.566541e+171	4.470749e+172	2.602733e+172	1.868016e+172
0.0068114264238811	7.817575e+171	3.308600e+171	9.877955e+172	5.720735e+172	4.157220e+172
0.0068114264238811	1.720556e+172	7.337017e+171	2.093903e+173	1.219007e+173	8.748962e+172
0.0068114264238811	3.661385e+172	1.549596e+172	4.626394e+173	2.679335e+173	1.947058e+173
0.0068114264238811	8.058373e+172	3.436349e+172	9.806930e+173	5.709302e+173	4.097628e+173
0.0068114264238811	1.714820e+173	7.257594e+172	2.166797e+174	1.254880e+174	9.119162e+173
0.0068114264238811	3.774211e+173	1.609441e+173	4.593138e+174	2.673990e+174	1.919148e+174
0.0068114264238811	8.031410e+173	3.399122e+173	1.014831e+175	5.877295e+174	4.271013e+174
0.0068114264238811	1.767685e+174	7.537945e+173	2.151226e+175	1.252381e+175	8.988442e+174
0.0068114264238811	3.761533e+174	1.591992e+174	4.753015e+175	2.752661e+175	2.000354e+175
0.0068114264238811	8.279115e+174	3.530457e+174	1.007540e+176	5.865613e+175	4.209790e+175
0.0068114264238811	1.761724e+175	7.456154e+174	2.226100e+176	1.289222e+176	9.368776e+175
0.0068114264238811	3.877599e+175	1.653518e+175	4.718880e+176	2.747200e+176	1.971680e+176
0.0068114264238811	8.251079e+175	3.492117e+175	1.042606e+177	6.038137e+176	4.387921e+176
0.0068114264238811	1.816110e+176	7.744385e+175	2.210118e+177	1.286670e+177	9.234478e+176
0.0068114264238811	3.864413e+176	1.635546e+176	4.883100e+177	2.827991e+177	2.055109e+177
0.0068114264238811	8.505920e+176	3.627146e+176	1.035123e+178	6.026206e+177	4.325022e+177
0.0068114264238811	1.809907e+177	7.660135e+176	2.287026e+178	1.324504e+178	9.625222e+177
0.0068114264238811	3.983829e+177	1.698804e+177	4.848065e+178	2.822415e+178	2.025650e+178
0.0068114264238811	8.476739e+177	3.587651e+177	1.071141e+179	6.203377e+178	4.508029e+178
0.0068114264238811	1.865864e+178	7.956490e+177	2.270623e+179	1.321898e+179	9.487249e+178
0.0068114264238811	3.970099e+178	1.680288e+178	5.016743e+179	2.905382e+179	2.111362e+179
0.0068114264238811	8.738958e+178	3.726489e+178	1.063461e+180	6.191200e+179	4.443409e+179
0.0068114264238811	1.859404e+179	7.869686e+178	2.349618e+180	1.360749e+180	9.888687e+179
0.0068114264238811	4.092977e+179	1.745333e+179	4.980789e+180	2.899692e+180	2.081097e+180
0.0068114264238811	8.708551e+179	3.685792e+179	1.100456e+181	6.373135e+180	4.631424e+180
0.0068114264238811	1.916987e+180	8.174417e+179	2.332785e+181	1.358091e+181	9.746938e+180
0.0068114264238811	4.078665e+180	1.726252e+180	5.154042e+181	2.984888e+181	2.169155e+181
0.0068114264238811	8.978402e+180	3.828559e+180	1.092575e+182	6.360716e+181	4.565036e+181
0.0068114264238811	1.910249e+181	8.084955e+180	2.413922e+182	1.397986e+182	1.015936e+182
0.0068114264238811	4.205127e+181	1.793139e+181	5.117148e+182	2.979087e+182	2.138061e+182
0.0068114264238811	8.946678e+181	3.786612e+181	1.130573e+183	6.547533e+182	4.758197e+182
0.0068114264238811	1.969515e+182	8.398327e+181	2.396650e+183	1.395277e+183	1.001374e+183
0.0068114264238811	4.190188e+182	1.773470e+182	5.295097e+183	3.066567e+183	2.228530e+183
0.0068114264238811	9.224433e+182	3.933432e+182	1.122487e+184	6.534879e+183	4.689992e+183
0.0068114264238811	1.962479e+183	8.306097e+182	2.479986e+184	1.436241e+184	1.043745e+184
0.0068114264238811	4.320363e+183	1.842259e+183	5.257244e+184	3.060658e+184	2.196586e+184
0.0068114264238811	9.191288e+183	3.890182e+183	1.161514e+185	6.726698e+184	4.888441e+184
0.0068114264238811	2.023489e+184	8.628388e+183	2.462265e+185	1.433482e+185	1.028784e+185
0.0068114264238811	4.304747e+184	1.821976e+184	5.440009e+185	3.150479e+185	2.289530e+185
0.0068114264238811	9.477236e+184	4.041186e+184	1.153219e+186	6.713817e+185	4.818370e+185
0.0068114264238811	2.016131e+185	8.533269e+184	2.547855e+186	1.475541e+186	1.072315e+186
0.0068114264238811	4.438771e+185	1.892728e+185	5.401178e+186	3.144466e+186	2.256712e+186
0.0068114264238811	9.442555e+185	3.996575e+185	1.193301e+187	6.910759e+186	5.022249e+186
0.0068114264238811	2.078949e+186	8.864772e+185	2.529678e+187	1.472734e+187	1.056944e+187
0.0068114264238811	4.422422e+186	1.871804e+186	5.588883e+187	3.236684e+187	2.352200e+187
0.0068114264238811	9.737002e+186	4.151902e+186	1.184792e+188	6.897661e+187	4.950261e+187
0.0068114264238811	2.071241e+187	8.766633e+186	2.617581e+188	1.515915e+188	1.101666e+188
0.0068114264238811	4.560441e+187	1.944584e+187	5.549056e+188	3.230572e+188	2.318484e+188
0.0068114264238811	9.700653e+187	4.105868e+187	1.225957e+189	7.099850e+188	5.159719e+188
0.0068114264238811	2.135938e+188	9.107654e+187	2.598939e+189	1.513063e+189	1.085876e+189
0.0068114264238811	4.543296e+188	1.922990e+188	5.741829e+189	3.325244e+189	2.416585e+189
0.0068114264238811	1.000393e+189	4.265662e+188	1.217231e+190	7.086548e+189	5.085762e+189
0.0068114264238811	2.127850e+189	9.006354e+188	2.689213e+190	1.557391e+190	1.131822e+190
0.0068114264238811	4.685466e+189	1.997867e+189	5.700987e+190	3.319040e+190	2.381947e+190
0.0068114264238811	9.965763e+189	4.218138e+189	1.259506e+191	7.294105e+190	5.300953e+190
0.0068114264238811	2.194498e+190	9.357219e+189	2.670097e+191	1.554498e+191	1.115599e+191
0.0068114264238811	4.667453e+190	1.975570e+190	5.898955e+191	3.416223e+191	2.482732e+191
0.0068114264238811	1.027822e+191	4.382553e+190	1.250559e+192	7.280617e+191	5.224973e+191
0.0068114264238811	2.185995e+191	9.252602e+190	2.762803e+192	1.600001e+192	1.162802e+192
0.0068114264238811	4.813941e+191	2.052616e+191	5.857082e+192	3.409935e+192	2.447147e+192
0.0068114264238811	1.023807e+192	4.333464e+191	1.293972e+193	7.493666e+192	5.446052e+192
0.0068114264238811	2.254675e+192	9.613651e+191	2.743207e+193	1.597071e+193	1.146136e+193
0.0068114264238811	4.794979e+192	2.029581e+192	6.060376e+193	3.509686e+193	2.550690e+193
0.0068114264238811	1.056008e+193	4.502661e+192	1.284801e+194	7.480011e+193	5.367995e+193
0.0068114264238811	2.245718e+193	9.505551e+192	2.838405e+194	1.643774e+194	1.194631e+194
0.0068114264238811	4.945963e+193	2.108872e+193	6.017457e+194	3.503325e+194	2.514132e+194
0.0068114264238811	1.051776e+194	4.451927e+193	1.329380e+195	7.698675e+194	5.595122e+194
0.0068114264238811	2.316513e+194	9.877146e+193	2.818320e+195	1.640811e+195	1.177509e+195
0.0068114264238811	4.925964e+194	2.085061e+194	6.226209e+195	3.605701e+195	2.620508e+195
0.0068114264238811	1.084973e+195	4.626077e+194	1.319981e+196	7.684878e+195	5.514932e+195
0.0068114264238811	2.307060e+195	9.765379e+194	2.916073e+196	1.688742e+196	1.227330e+196
0.0068114264238811	5.081635e+195	2.166678e+195	6.182229e+196	3.599278e+196	2.582951e+196
0.0068114264238811	1.080503e+196	4.573612e+195	1.365755e+197	7.909280e+196	5.748274e+196
0.0068114264238811	2.380062e+196	1.014790e+196	2.895493e+197	1.685753e+197	1.209741e+197
0.0068114264238811	5.060497e+196	2.142049e+196	6.396574e+197	3.704337e+197	2.692238e+197
0.0068114264238811	1.114739e+197	4.752894e+196	1.356126e+198	7.895370e+197	5.665892e+197
0.0068114264238811	2.370063e+197	1.003227e+197	2.995863e+198	1.734938e+198	1.260925e+198
0.0068114264238811	5.221058e+197	2.226077e+197	6.351520e+198	3.697866e+198	2.653654e+198
0.0068114264238811	1.110009e+198	4.698605e+197	1.403125e+199	8.125634e+198	5.905617e+198
0.0068114264238811	2.445368e+198	1.042612e+198	2.974783e+199	1.731928e+199	1.242855e+199
0.0068114264238811	5.198673e+198	2.200586e+198	6.571595e+199	3.805665e+199	2.765930e+199
0.0068114264238811	1.145328e+199	4.883206e+198	1.393262e+200	8.111641e+199	5.820984e+199
0.0068114264238811	2.434772e+199	1.030642e+199	3.077834e+200	1.782394e+200	1.295440e+200
0.0068114264238811	5.364339e+199	2.287114e+199	6.525453e+200	3.799160e+200	2.726292e+200
0.0068114264238811	1.140312e+200	4.826993e+199	1.441516e+201	8.347894e+200	6.067269e+200
0.0068114264238811	2.512480e+200	1.071200e+200	3.056247e+201	1.779371e+201	1.276875e+201
0.0068114264238811	5.340589e+200	2.260714e+200	6.751400e+201	3.909759e+201	2.841641e+201
0.0068114264238811	1.176764e+201	5.017111e+200	1.431417e+202	8.333849e+201	5.980321e+201
0.0068114264238811	2.501233e+201	1.058801e+201	3.162045e+202	1.831146e+202	1.330899e+202
0.0068114264238811	5.511583e+201	2.349833e+201	6.704154e+202	3.903235e+202	2.800919e+202
0.0068114264238811	1.171437e+202	4.958872e+201	1.480957e+203	8.576220e+202	6.233346e+202
0.0068114264238811	2.581449e+202	1.100577e+202	3.139944e+203	1.828117e+203	1.311827e+203
