# Force coefficients
# liftDir     : (0.000000e+00 1.000000e+00 0.000000e+00)
# dragDir     : (1.000000e+00 0.000000e+00 0.000000e+00)
# pitchAxis   : (0.000000e+00 1.000000e+00 0.000000e+00)
# magUInf     : 1.000000e+00
# lRef        : 4.000000e-01
# Aref        : 4.000000e-01
# CofR        : (6.000000e+00 2.000000e+00 0.000000e+00)
# Time        	Cm            	Cd            	Cl            	Cl(f)         	Cl(r)         
0             	0.000000e+00	0.000000e+00	0.000000e+00	0.000000e+00	0.000000e+00
0.001         	6.160563e+02	4.928168e+02	1.584194e+02	6.952660e+02	-5.368466e+02
0.002         	-2.474320e+02	-1.978601e+02	-7.079033e+01	-2.828272e+02	2.120369e+02
0.003         	-6.351578e+01	-5.086459e+01	-4.761286e+00	-6.589643e+01	6.113514e+01
0.004         	5.323768e+00	4.265136e+00	-9.581107e-01	4.844712e+00	-5.802823e+00
0.005         	7.443103e+00	5.993225e+00	7.383648e-01	7.812285e+00	-7.073921e+00
0.006         	5.211288e+00	4.173499e+00	6.397529e-01	5.531164e+00	-4.891411e+00
0.007         	2.837681e+00	2.254003e+00	6.227312e-01	3.149047e+00	-2.526316e+00
0.008         	2.095402e+00	1.671594e+00	5.037827e-01	2.347293e+00	-1.843511e+00
0.009         	1.924321e+00	1.538828e+00	4.717265e-01	2.160184e+00	-1.688457e+00
0.01          	1.867476e+00	1.494588e+00	4.498099e-01	2.092381e+00	-1.642571e+00
0.011         	1.817741e+00	1.454163e+00	4.247766e-01	2.030130e+00	-1.605353e+00
0.012         	1.759233e+00	1.407045e+00	3.856162e-01	1.952041e+00	-1.566425e+00
0.013         	1.687255e+00	1.349423e+00	3.752042e-01	1.874857e+00	-1.499653e+00
0.014         	1.628591e+00	1.302759e+00	3.654608e-01	1.811321e+00	-1.445861e+00
0.015         	1.581698e+00	1.265265e+00	3.501053e-01	1.756751e+00	-1.406645e+00
0.016         	1.535450e+00	1.228313e+00	3.332502e-01	1.702075e+00	-1.368825e+00
0.017         	1.491455e+00	1.193087e+00	3.202306e-01	1.651570e+00	-1.331339e+00
0.018         	1.449423e+00	1.159526e+00	3.104608e-01	1.604654e+00	-1.294193e+00
0.019         	1.412540e+00	1.129881e+00	3.047087e-01	1.564894e+00	-1.260185e+00
0.02          	1.384784e+00	1.107752e+00	3.022614e-01	1.535915e+00	-1.233653e+00
0.021         	1.367654e+00	1.093976e+00	2.991841e-01	1.517246e+00	-1.218061e+00
0.022         	1.353636e+00	1.082766e+00	2.949369e-01	1.501105e+00	-1.206168e+00
0.023         	1.337394e+00	1.069799e+00	2.891710e-01	1.481980e+00	-1.192809e+00
0.024         	1.305074e+00	1.043954e+00	2.821657e-01	1.446157e+00	-1.163991e+00
0.025         	1.272474e+00	1.017891e+00	2.774162e-01	1.411182e+00	-1.133766e+00
0.026         	1.241813e+00	9.933833e-01	2.725808e-01	1.378103e+00	-1.105522e+00
0.027         	1.214304e+00	9.713798e-01	2.682835e-01	1.348445e+00	-1.080162e+00
0.028         	1.189636e+00	9.516544e-01	2.638615e-01	1.321566e+00	-1.057705e+00
0.029         	1.168592e+00	9.347937e-01	2.594245e-01	1.298304e+00	-1.038880e+00
0.03          	1.148921e+00	9.190640e-01	2.547449e-01	1.276294e+00	-1.021549e+00
0.031         	1.131403e+00	9.050659e-01	2.506145e-01	1.256710e+00	-1.006096e+00
0.032         	1.114344e+00	8.914082e-01	2.464993e-01	1.237594e+00	-9.910946e-01
0.033         	1.099161e+00	8.792901e-01	2.430282e-01	1.220675e+00	-9.776473e-01
0.034         	1.083805e+00	8.669783e-01	2.396731e-01	1.203642e+00	-9.639687e-01
0.035         	1.070033e+00	8.559886e-01	2.370083e-01	1.188537e+00	-9.515284e-01
0.036         	1.055614e+00	8.444221e-01	2.343614e-01	1.172795e+00	-9.384335e-01
0.037         	1.042683e+00	8.341016e-01	2.321503e-01	1.158758e+00	-9.266078e-01
0.038         	1.029283e+00	8.233663e-01	2.296936e-01	1.144129e+00	-9.144358e-01
0.039         	1.017495e+00	8.139592e-01	2.274025e-01	1.131197e+00	-9.037941e-01
0.04          	1.005311e+00	8.041882e-01	2.248680e-01	1.117745e+00	-8.928769e-01
0.041         	9.946031e-01	7.956494e-01	2.224996e-01	1.105853e+00	-8.833533e-01
0.042         	9.833852e-01	7.866509e-01	2.201378e-01	1.093454e+00	-8.733163e-01
0.043         	9.734380e-01	7.787178e-01	2.181591e-01	1.082518e+00	-8.643585e-01
0.044         	9.630737e-01	7.704028e-01	2.160905e-01	1.071119e+00	-8.550284e-01
0.045         	9.539171e-01	7.631009e-01	2.142799e-01	1.061057e+00	-8.467772e-01
0.046         	9.443377e-01	7.554164e-01	2.123539e-01	1.050515e+00	-8.381607e-01
0.047         	9.358684e-01	7.486659e-01	2.106540e-01	1.041195e+00	-8.305414e-01
0.048         	9.269317e-01	7.414980e-01	2.088196e-01	1.031342e+00	-8.225219e-01
0.049         	9.190515e-01	7.352171e-01	2.071361e-01	1.022620e+00	-8.154835e-01
0.05          	9.105319e-01	7.283829e-01	2.055529e-01	1.013308e+00	-8.077555e-01
0.051         	9.032184e-01	7.225530e-01	2.040340e-01	1.005235e+00	-8.012014e-01
0.052         	8.953264e-01	7.162129e-01	2.024445e-01	9.965487e-01	-7.941041e-01
0.053         	8.881801e-01	7.105250e-01	2.012006e-01	9.887805e-01	-7.875798e-01
0.054         	8.808515e-01	7.046427e-01	1.995373e-01	9.806202e-01	-7.810828e-01
0.055         	8.743440e-01	6.994553e-01	1.981160e-01	9.734021e-01	-7.752860e-01
0.056         	8.673208e-01	6.938191e-01	1.967244e-01	9.656830e-01	-7.689586e-01
0.057         	8.611812e-01	6.889285e-01	1.955055e-01	9.589339e-01	-7.634284e-01
0.058         	8.546149e-01	6.836563e-01	1.941308e-01	9.516803e-01	-7.575495e-01
0.059         	8.488246e-01	6.790445e-01	1.929200e-01	9.452846e-01	-7.523646e-01
0.06          	8.426728e-01	6.741033e-01	1.916222e-01	9.384839e-01	-7.468617e-01
0.061         	8.373045e-01	6.698288e-01	1.904863e-01	9.325476e-01	-7.420613e-01
0.062         	8.314391e-01	6.651184e-01	1.892594e-01	9.260688e-01	-7.368094e-01
0.063         	8.263214e-01	6.610432e-01	1.882007e-01	9.204218e-01	-7.322211e-01
0.064         	8.207436e-01	6.565636e-01	1.870374e-01	9.142623e-01	-7.272249e-01
0.065         	8.158570e-01	6.526728e-01	1.860202e-01	9.088671e-01	-7.228469e-01
0.066         	8.105683e-01	6.484250e-01	1.848986e-01	9.030176e-01	-7.181190e-01
0.067         	8.059211e-01	6.447239e-01	1.839562e-01	8.978992e-01	-7.139430e-01
0.068         	8.008879e-01	6.406817e-01	1.829396e-01	8.923577e-01	-7.094181e-01
0.069         	7.964894e-01	6.371788e-01	1.820336e-01	8.875062e-01	-7.054726e-01
0.07          	7.916996e-01	6.333328e-01	1.810673e-01	8.822332e-01	-7.011660e-01
0.071         	7.874532e-01	6.299527e-01	1.802864e-01	8.775965e-01	-6.973100e-01
0.072         	7.829670e-01	6.263502e-01	1.793325e-01	8.726332e-01	-6.933007e-01
0.073         	7.789187e-01	6.231268e-01	1.785747e-01	8.682061e-01	-6.896314e-01
0.074         	7.746284e-01	6.196790e-01	1.776059e-01	8.634314e-01	-6.858255e-01
0.075         	7.707825e-01	6.166144e-01	1.767857e-01	8.591754e-01	-6.823897e-01
0.076         	7.665894e-01	6.132489e-01	1.760290e-01	8.546039e-01	-6.785749e-01
0.077         	7.628898e-01	6.102995e-01	1.751884e-01	8.504840e-01	-6.752956e-01
0.078         	7.590252e-01	6.071975e-01	1.743116e-01	8.461809e-01	-6.718694e-01
0.079         	7.554106e-01	6.043157e-01	1.735714e-01	8.421963e-01	-6.686249e-01
0.08          	7.516133e-01	6.012719e-01	1.730076e-01	8.381171e-01	-6.651094e-01
0.081         	7.482096e-01	5.985498e-01	1.721084e-01	8.342638e-01	-6.621554e-01
0.082         	7.447823e-01	5.958090e-01	1.712858e-01	8.304252e-01	-6.591394e-01
0.083         	7.413873e-01	5.930906e-01	1.705982e-01	8.266864e-01	-6.560882e-01
0.084         	7.380358e-01	5.904091e-01	1.698894e-01	8.229805e-01	-6.530911e-01
0.085         	7.347725e-01	5.878000e-01	1.691679e-01	8.193564e-01	-6.501886e-01
0.086         	7.315681e-01	5.852380e-01	1.684953e-01	8.158158e-01	-6.473205e-01
0.087         	7.284173e-01	5.827166e-01	1.678538e-01	8.123442e-01	-6.444904e-01
0.088         	7.253837e-01	5.802899e-01	1.671814e-01	8.089744e-01	-6.417930e-01
0.089         	7.223989e-01	5.779025e-01	1.665430e-01	8.056705e-01	-6.391274e-01
0.09          	7.194597e-01	5.755515e-01	1.659191e-01	8.024192e-01	-6.365001e-01
0.091         	7.165806e-01	5.732484e-01	1.653078e-01	7.992345e-01	-6.339267e-01
0.092         	7.137444e-01	5.709796e-01	1.647003e-01	7.960946e-01	-6.313943e-01
0.093         	7.109677e-01	5.687587e-01	1.640916e-01	7.930135e-01	-6.289219e-01
0.094         	7.082359e-01	5.665735e-01	1.635066e-01	7.899893e-01	-6.264826e-01
0.095         	7.055500e-01	5.644249e-01	1.629468e-01	7.870234e-01	-6.240766e-01
0.096         	7.029139e-01	5.623159e-01	1.624039e-01	7.841158e-01	-6.217119e-01
0.097         	7.003203e-01	5.602404e-01	1.618409e-01	7.812408e-01	-6.193998e-01
0.098         	6.977867e-01	5.582127e-01	1.612921e-01	7.784327e-01	-6.171407e-01
0.099         	6.952754e-01	5.562035e-01	1.607512e-01	7.756510e-01	-6.148998e-01
0.1           	6.928192e-01	5.542373e-01	1.602122e-01	7.729253e-01	-6.127132e-01
0.101         	6.904066e-01	5.523069e-01	1.596803e-01	7.702467e-01	-6.105664e-01
0.102         	6.880386e-01	5.504124e-01	1.591070e-01	7.675921e-01	-6.084851e-01
0.103         	6.857167e-01	5.485549e-01	1.585592e-01	7.649963e-01	-6.064371e-01
0.104         	6.834315e-01	5.467261e-01	1.580191e-01	7.624410e-01	-6.044219e-01
0.105         	6.811887e-01	5.449313e-01	1.574906e-01	7.599339e-01	-6.024434e-01
0.106         	6.789859e-01	5.431694e-01	1.569765e-01	7.574742e-01	-6.004976e-01
0.107         	6.768585e-01	5.414678e-01	1.564852e-01	7.551011e-01	-5.986159e-01
0.108         	6.747638e-01	5.397922e-01	1.559934e-01	7.527605e-01	-5.967672e-01
0.109         	6.727005e-01	5.381414e-01	1.555288e-01	7.504649e-01	-5.949361e-01
0.11          	6.706687e-01	5.365159e-01	1.550730e-01	7.482052e-01	-5.931322e-01
0.111         	6.686675e-01	5.349144e-01	1.546286e-01	7.459818e-01	-5.913533e-01
0.112         	6.666761e-01	5.333203e-01	1.541810e-01	7.437666e-01	-5.895856e-01
0.113         	6.647172e-01	5.317529e-01	1.537398e-01	7.415871e-01	-5.878473e-01
0.114         	6.627782e-01	5.302018e-01	1.533047e-01	7.394305e-01	-5.861258e-01
0.115         	6.608905e-01	5.286919e-01	1.528756e-01	7.373283e-01	-5.844527e-01
0.116         	6.590756e-01	5.272421e-01	1.524478e-01	7.352995e-01	-5.828517e-01
0.117         	6.573612e-01	5.258707e-01	1.519740e-01	7.333482e-01	-5.813743e-01
0.118         	6.556417e-01	5.244960e-01	1.515670e-01	7.314252e-01	-5.798582e-01
0.119         	6.539559e-01	5.231478e-01	1.511540e-01	7.295329e-01	-5.783789e-01
0.12          	6.523306e-01	5.218506e-01	1.507523e-01	7.277068e-01	-5.769545e-01
0.121         	6.507235e-01	5.205638e-01	1.503387e-01	7.258928e-01	-5.755541e-01
0.122         	6.490920e-01	5.192582e-01	1.499566e-01	7.240703e-01	-5.741137e-01
0.123         	6.474763e-01	5.179663e-01	1.495649e-01	7.222588e-01	-5.726939e-01
0.124         	6.458798e-01	5.166911e-01	1.491967e-01	7.204781e-01	-5.712814e-01
0.125         	6.443055e-01	5.154304e-01	1.488125e-01	7.187117e-01	-5.698992e-01
0.126         	6.427371e-01	5.141779e-01	1.484706e-01	7.169724e-01	-5.685018e-01
0.127         	6.411963e-01	5.129443e-01	1.480928e-01	7.152427e-01	-5.671499e-01
0.128         	6.396721e-01	5.117254e-01	1.477275e-01	7.135359e-01	-5.658084e-01
0.129         	6.381761e-01	5.105290e-01	1.473603e-01	7.118563e-01	-5.644959e-01
0.13          	6.367024e-01	5.093504e-01	1.469994e-01	7.102022e-01	-5.632027e-01
0.131         	6.352634e-01	5.081990e-01	1.466439e-01	7.085853e-01	-5.619415e-01
0.132         	6.338543e-01	5.070718e-01	1.463009e-01	7.070048e-01	-5.607038e-01
0.133         	6.324738e-01	5.059674e-01	1.459614e-01	7.054545e-01	-5.594931e-01
0.134         	6.311133e-01	5.048791e-01	1.456309e-01	7.039288e-01	-5.582979e-01
0.135         	6.297768e-01	5.038097e-01	1.453013e-01	7.024274e-01	-5.571261e-01
0.136         	6.284562e-01	5.027534e-01	1.449791e-01	7.009458e-01	-5.559667e-01
0.137         	6.271521e-01	5.017099e-01	1.446550e-01	6.994796e-01	-5.548246e-01
0.138         	6.258582e-01	5.006753e-01	1.443399e-01	6.980281e-01	-5.536883e-01
0.139         	6.245801e-01	4.996523e-01	1.440183e-01	6.965892e-01	-5.525710e-01
0.14          	6.233126e-01	4.986376e-01	1.437189e-01	6.951721e-01	-5.514532e-01
0.141         	6.220681e-01	4.976429e-01	1.434032e-01	6.937696e-01	-5.503665e-01
0.142         	6.208173e-01	4.966430e-01	1.431264e-01	6.923805e-01	-5.492541e-01
0.143         	6.195980e-01	4.956662e-01	1.428374e-01	6.910168e-01	-5.481793e-01
0.144         	6.183998e-01	4.947080e-01	1.425082e-01	6.896539e-01	-5.471458e-01
0.145         	6.172203e-01	4.937653e-01	1.422182e-01	6.883294e-01	-5.461113e-01
0.146         	6.160414e-01	4.928215e-01	1.419311e-01	6.870069e-01	-5.450759e-01
0.147         	6.149138e-01	4.919200e-01	1.416526e-01	6.857401e-01	-5.440875e-01
0.148         	6.137535e-01	4.909914e-01	1.413803e-01	6.844437e-01	-5.430634e-01
0.149         	6.126657e-01	4.901224e-01	1.411400e-01	6.832357e-01	-5.420957e-01
0.15          	6.115223e-01	4.892062e-01	1.408109e-01	6.819277e-01	-5.411168e-01
0.151         	6.104962e-01	4.883870e-01	1.405512e-01	6.807718e-01	-5.402206e-01
0.152         	6.093215e-01	4.874465e-01	1.402717e-01	6.794573e-01	-5.391856e-01
0.153         	6.084086e-01	4.867185e-01	1.400379e-01	6.784276e-01	-5.383896e-01
0.154         	6.071949e-01	4.857430e-01	1.397454e-01	6.770675e-01	-5.373222e-01
0.155         	6.063776e-01	4.850943e-01	1.395201e-01	6.761376e-01	-5.366176e-01
0.156         	6.050820e-01	4.840551e-01	1.392146e-01	6.746893e-01	-5.354747e-01
0.157         	6.043864e-01	4.834981e-01	1.390149e-01	6.738938e-01	-5.348789e-01
0.158         	6.030821e-01	4.824559e-01	1.387003e-01	6.724323e-01	-5.337320e-01
0.159         	6.023830e-01	4.818967e-01	1.385027e-01	6.716344e-01	-5.331317e-01
0.16          	6.011126e-01	4.808798e-01	1.382200e-01	6.702227e-01	-5.320026e-01
0.161         	6.004594e-01	4.803577e-01	1.380104e-01	6.694646e-01	-5.314542e-01
0.162         	5.992438e-01	4.793851e-01	1.377472e-01	6.681174e-01	-5.303703e-01
0.163         	5.985951e-01	4.788665e-01	1.375449e-01	6.673676e-01	-5.298226e-01
0.164         	5.973938e-01	4.779052e-01	1.372390e-01	6.660134e-01	-5.287743e-01
0.165         	5.967551e-01	4.773946e-01	1.370642e-01	6.652872e-01	-5.282230e-01
0.166         	5.955786e-01	4.764532e-01	1.367998e-01	6.639786e-01	-5.271787e-01
0.167         	5.949635e-01	4.759615e-01	1.366040e-01	6.632654e-01	-5.266615e-01
0.168         	5.938094e-01	4.750378e-01	1.363303e-01	6.619746e-01	-5.256442e-01
0.169         	5.932089e-01	4.745580e-01	1.361546e-01	6.612862e-01	-5.251316e-01
0.17          	5.920741e-01	4.736499e-01	1.358913e-01	6.600197e-01	-5.241284e-01
0.171         	5.914877e-01	4.731813e-01	1.357199e-01	6.593476e-01	-5.236277e-01
0.172         	5.903846e-01	4.722992e-01	1.354644e-01	6.581167e-01	-5.226524e-01
0.173         	5.898234e-01	4.718506e-01	1.352952e-01	6.574710e-01	-5.221758e-01
0.174         	5.887459e-01	4.709883e-01	1.350504e-01	6.562711e-01	-5.212207e-01
0.175         	5.881954e-01	4.705485e-01	1.348740e-01	6.556324e-01	-5.207584e-01
0.176         	5.871385e-01	4.697027e-01	1.346503e-01	6.544637e-01	-5.198134e-01
0.177         	5.866053e-01	4.692767e-01	1.344689e-01	6.538397e-01	-5.193708e-01
0.178         	5.855693e-01	4.684476e-01	1.342509e-01	6.526947e-01	-5.184438e-01
0.179         	5.850471e-01	4.680300e-01	1.340826e-01	6.520884e-01	-5.180058e-01
0.18          	5.840374e-01	4.672223e-01	1.338400e-01	6.509574e-01	-5.171174e-01
0.181         	5.835236e-01	4.668113e-01	1.336885e-01	6.503678e-01	-5.166794e-01
0.182         	5.825358e-01	4.660210e-01	1.334554e-01	6.492635e-01	-5.158081e-01
0.183         	5.820323e-01	4.656184e-01	1.333055e-01	6.486851e-01	-5.153796e-01
0.184         	5.810673e-01	4.648462e-01	1.330780e-01	6.476062e-01	-5.145283e-01
0.185         	5.805702e-01	4.644487e-01	1.329371e-01	6.470388e-01	-5.141017e-01
0.186         	5.796225e-01	4.636905e-01	1.327287e-01	6.459869e-01	-5.132582e-01
0.187         	5.791435e-01	4.633075e-01	1.325641e-01	6.454256e-01	-5.128615e-01
0.188         	5.782273e-01	4.625735e-01	1.323188e-01	6.443867e-01	-5.120679e-01
0.189         	5.777525e-01	4.621946e-01	1.321713e-01	6.438382e-01	-5.116669e-01
0.19          	5.768576e-01	4.614789e-01	1.319717e-01	6.428434e-01	-5.108717e-01
0.191         	5.763877e-01	4.611030e-01	1.318418e-01	6.423085e-01	-5.104668e-01
0.192         	5.755160e-01	4.604060e-01	1.316352e-01	6.413335e-01	-5.096984e-01
0.193         	5.750535e-01	4.600354e-01	1.315028e-01	6.408048e-01	-5.093021e-01
0.194         	5.742061e-01	4.593583e-01	1.312998e-01	6.398560e-01	-5.085562e-01
0.195         	5.737492e-01	4.589924e-01	1.311737e-01	6.393361e-01	-5.081624e-01
0.196         	5.729321e-01	4.583392e-01	1.309666e-01	6.384154e-01	-5.074488e-01
0.197         	5.724777e-01	4.579754e-01	1.308424e-01	6.378990e-01	-5.070565e-01
0.198         	5.716781e-01	4.573360e-01	1.306460e-01	6.370011e-01	-5.063551e-01
0.199         	5.712316e-01	4.569784e-01	1.305244e-01	6.364938e-01	-5.059694e-01
0.2           	5.704493e-01	4.563530e-01	1.303311e-01	6.356148e-01	-5.052837e-01
0.201         	5.700097e-01	4.560011e-01	1.302122e-01	6.351158e-01	-5.049036e-01
0.202         	5.692426e-01	4.553878e-01	1.300438e-01	6.342645e-01	-5.042207e-01
0.203         	5.688110e-01	4.550421e-01	1.299286e-01	6.337753e-01	-5.038467e-01
0.204         	5.680675e-01	4.544478e-01	1.297291e-01	6.329321e-01	-5.032030e-01
0.205         	5.676332e-01	4.540998e-01	1.296247e-01	6.324456e-01	-5.028208e-01
0.206         	5.669138e-01	4.535250e-01	1.294164e-01	6.316220e-01	-5.022056e-01
0.207         	5.665063e-01	4.531973e-01	1.292883e-01	6.311505e-01	-5.018622e-01
0.208         	5.657945e-01	4.526316e-01	1.290789e-01	6.303339e-01	-5.012550e-01
0.209         	5.654034e-01	4.523138e-01	1.289892e-01	6.298980e-01	-5.009088e-01
0.21          	5.646476e-01	4.517142e-01	1.288280e-01	6.290616e-01	-5.002336e-01
0.211         	5.643248e-01	4.514516e-01	1.286654e-01	6.286575e-01	-4.999921e-01
0.212         	5.635432e-01	4.508303e-01	1.284442e-01	6.277653e-01	-4.993211e-01
0.213         	5.632619e-01	4.506015e-01	1.283803e-01	6.274521e-01	-4.990718e-01
0.214         	5.624697e-01	4.499706e-01	1.282116e-01	6.265755e-01	-4.983639e-01
0.215         	5.622273e-01	4.497737e-01	1.281217e-01	6.262881e-01	-4.981664e-01
0.216         	5.614117e-01	4.491250e-01	1.279336e-01	6.253786e-01	-4.974449e-01
0.217         	5.611611e-01	4.489218e-01	1.278726e-01	6.250974e-01	-4.972249e-01
0.218         	5.603782e-01	4.482975e-01	1.276800e-01	6.242182e-01	-4.965382e-01
0.219         	5.601734e-01	4.481317e-01	1.276123e-01	6.239796e-01	-4.963673e-01
0.22          	5.593837e-01	4.475022e-01	1.273628e-01	6.230651e-01	-4.957023e-01
0.221         	5.591780e-01	4.473355e-01	1.272714e-01	6.228137e-01	-4.955423e-01
0.222         	5.583863e-01	4.467039e-01	1.271005e-01	6.219366e-01	-4.948361e-01
0.223         	5.581878e-01	4.465432e-01	1.270271e-01	6.217014e-01	-4.946743e-01
0.224         	5.573962e-01	4.459120e-01	1.268403e-01	6.208163e-01	-4.939760e-01
0.225         	5.571984e-01	4.457514e-01	1.267616e-01	6.205792e-01	-4.938176e-01
0.226         	5.564196e-01	4.451306e-01	1.265840e-01	6.197116e-01	-4.931276e-01
0.227         	5.562317e-01	4.449783e-01	1.265107e-01	6.194871e-01	-4.929764e-01
0.228         	5.554695e-01	4.443706e-01	1.263361e-01	6.186375e-01	-4.923014e-01
0.229         	5.552944e-01	4.442286e-01	1.262633e-01	6.184260e-01	-4.921627e-01
0.23          	5.545452e-01	4.436316e-01	1.260912e-01	6.175908e-01	-4.914997e-01
0.231         	5.543836e-01	4.434999e-01	1.260195e-01	6.173934e-01	-4.913739e-01
0.232         	5.536456e-01	4.429119e-01	1.258531e-01	6.165722e-01	-4.907191e-01
0.233         	5.534975e-01	4.427912e-01	1.257815e-01	6.163882e-01	-4.906068e-01
0.234         	5.527735e-01	4.422143e-01	1.256196e-01	6.155832e-01	-4.899637e-01
0.235         	5.526304e-01	4.420977e-01	1.255504e-01	6.154056e-01	-4.898552e-01
0.236         	5.519238e-01	4.415341e-01	1.253939e-01	6.146207e-01	-4.892269e-01
0.237         	5.517791e-01	4.414176e-01	1.253240e-01	6.144411e-01	-4.891171e-01
0.238         	5.510979e-01	4.408733e-01	1.251710e-01	6.136834e-01	-4.885124e-01
0.239         	5.509366e-01	4.407434e-01	1.251314e-01	6.135024e-01	-4.883709e-01
0.24          	5.502993e-01	4.402351e-01	1.249638e-01	6.127812e-01	-4.878174e-01
0.241         	5.501221e-01	4.400919e-01	1.248846e-01	6.125644e-01	-4.876797e-01
0.242         	5.495010e-01	4.395962e-01	1.247410e-01	6.118715e-01	-4.871305e-01
0.243         	5.493246e-01	4.394541e-01	1.246747e-01	6.116620e-01	-4.869873e-01
0.244         	5.487268e-01	4.389766e-01	1.245313e-01	6.109925e-01	-4.864612e-01
0.245         	5.485340e-01	4.388218e-01	1.244597e-01	6.107639e-01	-4.863042e-01
0.246         	5.479680e-01	4.383697e-01	1.243267e-01	6.101313e-01	-4.858046e-01
0.247         	5.477657e-01	4.382063e-01	1.242543e-01	6.098928e-01	-4.856385e-01
0.248         	5.472106e-01	4.377654e-01	1.241304e-01	6.092759e-01	-4.851454e-01
0.249         	5.470230e-01	4.376109e-01	1.240634e-01	6.090547e-01	-4.849913e-01
0.25          	5.464683e-01	4.371724e-01	1.239308e-01	6.084337e-01	-4.845029e-01
0.251         	5.463041e-01	4.370355e-01	1.238675e-01	6.082378e-01	-4.843703e-01
0.252         	5.457317e-01	4.365839e-01	1.237426e-01	6.076030e-01	-4.838604e-01
0.253         	5.455820e-01	4.364579e-01	1.236748e-01	6.074194e-01	-4.837446e-01
0.254         	5.450288e-01	4.360211e-01	1.235559e-01	6.068068e-01	-4.832508e-01
0.255         	5.448851e-01	4.359003e-01	1.234852e-01	6.066277e-01	-4.831425e-01
0.256         	5.443407e-01	4.354702e-01	1.233777e-01	6.060295e-01	-4.826518e-01
0.257         	5.441976e-01	4.353511e-01	1.233102e-01	6.058527e-01	-4.825425e-01
0.258         	5.436611e-01	4.349260e-01	1.231876e-01	6.052549e-01	-4.820673e-01
0.259         	5.435511e-01	4.348346e-01	1.231103e-01	6.051062e-01	-4.819960e-01
0.26          	5.429941e-01	4.343919e-01	1.230111e-01	6.044996e-01	-4.814885e-01
0.261         	5.428964e-01	4.343108e-01	1.229382e-01	6.043655e-01	-4.814272e-01
0.262         	5.423365e-01	4.338661e-01	1.228478e-01	6.037604e-01	-4.809126e-01
0.263         	5.422520e-01	4.337955e-01	1.227640e-01	6.036340e-01	-4.808700e-01
0.264         	5.417081e-01	4.333631e-01	1.226760e-01	6.030461e-01	-4.803701e-01
0.265         	5.416277e-01	4.332962e-01	1.225832e-01	6.029193e-01	-4.803361e-01
0.266         	5.410847e-01	4.328645e-01	1.225100e-01	6.023397e-01	-4.798297e-01
0.267         	5.409970e-01	4.327916e-01	1.224175e-01	6.022057e-01	-4.797882e-01
0.268         	5.404750e-01	4.323769e-01	1.223442e-01	6.016471e-01	-4.793029e-01
0.269         	5.403936e-01	4.323090e-01	1.222550e-01	6.015211e-01	-4.792661e-01
0.27          	5.398723e-01	4.318949e-01	1.221739e-01	6.009593e-01	-4.787853e-01
0.271         	5.397914e-01	4.318270e-01	1.221021e-01	6.008424e-01	-4.787404e-01
0.272         	5.393005e-01	4.314380e-01	1.220086e-01	6.003048e-01	-4.782961e-01
0.273         	5.391750e-01	4.313336e-01	1.219622e-01	6.001561e-01	-4.781938e-01
0.274         	5.387445e-01	4.309935e-01	1.218515e-01	5.996702e-01	-4.778187e-01
0.275         	5.385959e-01	4.308703e-01	1.218045e-01	5.994982e-01	-4.776937e-01
0.276         	5.381616e-01	4.305272e-01	1.217026e-01	5.990129e-01	-4.773102e-01
0.277         	5.380275e-01	4.304145e-01	1.216818e-01	5.988684e-01	-4.771866e-01
0.278         	5.376273e-01	4.301009e-01	1.215376e-01	5.983961e-01	-4.768585e-01
0.279         	5.375255e-01	4.300140e-01	1.214979e-01	5.982744e-01	-4.767765e-01
0.28          	5.370619e-01	4.296469e-01	1.213997e-01	5.977618e-01	-4.763621e-01
0.281         	5.370163e-01	4.296071e-01	1.213446e-01	5.976886e-01	-4.763440e-01
0.282         	5.365021e-01	4.291988e-01	1.212487e-01	5.971265e-01	-4.758778e-01
0.283         	5.365126e-01	4.292044e-01	1.212094e-01	5.971173e-01	-4.759079e-01
0.284         	5.359583e-01	4.287640e-01	1.211093e-01	5.965129e-01	-4.754036e-01
0.285         	5.360103e-01	4.288028e-01	1.210684e-01	5.965445e-01	-4.754761e-01
0.286         	5.354518e-01	4.283588e-01	1.209659e-01	5.959347e-01	-4.749688e-01
0.287         	5.355104e-01	4.284028e-01	1.209324e-01	5.959766e-01	-4.750442e-01
0.288         	5.349382e-01	4.279485e-01	1.208155e-01	5.953459e-01	-4.745305e-01
0.289         	5.350333e-01	4.280201e-01	1.208059e-01	5.954362e-01	-4.746303e-01
0.29          	5.344347e-01	4.275466e-01	1.206530e-01	5.947612e-01	-4.741082e-01
0.291         	5.345231e-01	4.276103e-01	1.206937e-01	5.948699e-01	-4.741763e-01
0.292         	5.339969e-01	4.271969e-01	1.204815e-01	5.942376e-01	-4.737561e-01
0.293         	5.340331e-01	4.272218e-01	1.206294e-01	5.943478e-01	-4.737184e-01
0.294         	5.335423e-01	4.268300e-01	1.203032e-01	5.936939e-01	-4.733907e-01
0.295         	5.335403e-01	4.268278e-01	1.204604e-01	5.937705e-01	-4.733101e-01
0.296         	5.331196e-01	4.264918e-01	1.202237e-01	5.932315e-01	-4.730077e-01
0.297         	5.330827e-01	4.264621e-01	1.202988e-01	5.932321e-01	-4.729333e-01
0.298         	5.326720e-01	4.261344e-01	1.201379e-01	5.927409e-01	-4.726030e-01
0.299         	5.326383e-01	4.261069e-01	1.201700e-01	5.927233e-01	-4.725533e-01
0.3           	5.322476e-01	4.257947e-01	1.200006e-01	5.922479e-01	-4.722473e-01
0.301         	5.321981e-01	4.257543e-01	1.200711e-01	5.922336e-01	-4.721625e-01
0.302         	5.318485e-01	4.254753e-01	1.198589e-01	5.917780e-01	-4.719190e-01
0.303         	5.317633e-01	4.254076e-01	1.200330e-01	5.917798e-01	-4.717468e-01
0.304         	5.315096e-01	4.252029e-01	1.196621e-01	5.913407e-01	-4.716786e-01
0.305         	5.312673e-01	4.250119e-01	1.199904e-01	5.912625e-01	-4.712721e-01
0.306         	5.311680e-01	4.249289e-01	1.195183e-01	5.909272e-01	-4.714089e-01
0.307         	5.308703e-01	4.246945e-01	1.198623e-01	5.908014e-01	-4.709391e-01
0.308         	5.307546e-01	4.245982e-01	1.194442e-01	5.904767e-01	-4.710325e-01
0.309         	5.305018e-01	4.243998e-01	1.196805e-01	5.903421e-01	-4.706616e-01
0.31          	5.303482e-01	4.242740e-01	1.194077e-01	5.900521e-01	-4.706444e-01
0.311         	5.301667e-01	4.241295e-01	1.194854e-01	5.899094e-01	-4.704240e-01
0.312         	5.298827e-01	4.239043e-01	1.193806e-01	5.895730e-01	-4.701924e-01
0.313         	5.298695e-01	4.238898e-01	1.193345e-01	5.895367e-01	-4.702022e-01
0.314         	5.295087e-01	4.236056e-01	1.192855e-01	5.891514e-01	-4.698660e-01
0.315         	5.294781e-01	4.235774e-01	1.192257e-01	5.890909e-01	-4.698652e-01
0.316         	5.291870e-01	4.233468e-01	1.191755e-01	5.887748e-01	-4.695993e-01
0.317         	5.290723e-01	4.232544e-01	1.191238e-01	5.886342e-01	-4.695104e-01
0.318         	5.288710e-01	4.230933e-01	1.190725e-01	5.884072e-01	-4.693347e-01
0.319         	5.287036e-01	4.229597e-01	1.190201e-01	5.882137e-01	-4.691935e-01
0.32          	5.285254e-01	4.228169e-01	1.189721e-01	5.880114e-01	-4.690393e-01
0.321         	5.283641e-01	4.226878e-01	1.189234e-01	5.878258e-01	-4.689024e-01
0.322         	5.281858e-01	4.225455e-01	1.188785e-01	5.876251e-01	-4.687466e-01
0.323         	5.280305e-01	4.224209e-01	1.188294e-01	5.874452e-01	-4.686158e-01
0.324         	5.278519e-01	4.222781e-01	1.187998e-01	5.872518e-01	-4.684520e-01
0.325         	5.276965e-01	4.221539e-01	1.187451e-01	5.870690e-01	-4.683239e-01
0.326         	5.275502e-01	4.220370e-01	1.186896e-01	5.868950e-01	-4.682054e-01
0.327         	5.273694e-01	4.218923e-01	1.186436e-01	5.866912e-01	-4.680476e-01
0.328         	5.272661e-01	4.218096e-01	1.186000e-01	5.865661e-01	-4.679661e-01
0.329         	5.270094e-01	4.216046e-01	1.185559e-01	5.862874e-01	-4.677315e-01
0.33          	5.270160e-01	4.216091e-01	1.185028e-01	5.862674e-01	-4.677646e-01
0.331         	5.266566e-01	4.213229e-01	1.184696e-01	5.858914e-01	-4.674218e-01
0.332         	5.267190e-01	4.213712e-01	1.184048e-01	5.859214e-01	-4.675166e-01
0.333         	5.263736e-01	4.210967e-01	1.183785e-01	5.855628e-01	-4.671843e-01
0.334         	5.264137e-01	4.211271e-01	1.183166e-01	5.855720e-01	-4.672554e-01
0.335         	5.260800e-01	4.208618e-01	1.182969e-01	5.852284e-01	-4.669315e-01
0.336         	5.261290e-01	4.208993e-01	1.182403e-01	5.852491e-01	-4.670088e-01
0.337         	5.257905e-01	4.206302e-01	1.182194e-01	5.849002e-01	-4.666808e-01
0.338         	5.258565e-01	4.206811e-01	1.181584e-01	5.849357e-01	-4.667773e-01
0.339         	5.255355e-01	4.204263e-01	1.181438e-01	5.846074e-01	-4.664636e-01
0.34          	5.255684e-01	4.204508e-01	1.180717e-01	5.846042e-01	-4.665325e-01
0.341         	5.252845e-01	4.202256e-01	1.180507e-01	5.843098e-01	-4.662591e-01
0.342         	5.253003e-01	4.202365e-01	1.180006e-01	5.843007e-01	-4.663000e-01
0.343         	5.250490e-01	4.200371e-01	1.179649e-01	5.840314e-01	-4.660665e-01
0.344         	5.250300e-01	4.200202e-01	1.179204e-01	5.839902e-01	-4.660698e-01
0.345         	5.248122e-01	4.198475e-01	1.178846e-01	5.837545e-01	-4.658699e-01
0.346         	5.247478e-01	4.197949e-01	1.178563e-01	5.836760e-01	-4.658196e-01
0.347         	5.245852e-01	4.196660e-01	1.178219e-01	5.834962e-01	-4.656742e-01
0.348         	5.245203e-01	4.196131e-01	1.177605e-01	5.834006e-01	-4.656401e-01
0.349         	5.243901e-01	4.195096e-01	1.177331e-01	5.832567e-01	-4.655236e-01
0.35          	5.242793e-01	4.194203e-01	1.176945e-01	5.831265e-01	-4.654321e-01
0.351         	5.241537e-01	4.193204e-01	1.176571e-01	5.829823e-01	-4.653251e-01
0.352         	5.240368e-01	4.192261e-01	1.176180e-01	5.828457e-01	-4.652278e-01
0.353         	5.239403e-01	4.191503e-01	1.175722e-01	5.827264e-01	-4.651542e-01
0.354         	5.238265e-01	4.190580e-01	1.175459e-01	5.825995e-01	-4.650535e-01
0.355         	5.237359e-01	4.189862e-01	1.175066e-01	5.824892e-01	-4.649826e-01
0.356         	5.236223e-01	4.188954e-01	1.174843e-01	5.823645e-01	-4.648802e-01
0.357         	5.235137e-01	4.188083e-01	1.174483e-01	5.822379e-01	-4.647896e-01
0.358         	5.234188e-01	4.187322e-01	1.174214e-01	5.821295e-01	-4.647081e-01
0.359         	5.233220e-01	4.186553e-01	1.173781e-01	5.820110e-01	-4.646329e-01
0.36          	5.232137e-01	4.185678e-01	1.173668e-01	5.818971e-01	-4.645303e-01
0.361         	5.231381e-01	4.185081e-01	1.173326e-01	5.818045e-01	-4.644718e-01
0.362         	5.230359e-01	4.184270e-01	1.173190e-01	5.816953e-01	-4.643764e-01
0.363         	5.229230e-01	4.183349e-01	1.172565e-01	5.815513e-01	-4.642947e-01
0.364         	5.228302e-01	4.182606e-01	1.172349e-01	5.814476e-01	-4.642127e-01
0.365         	5.227037e-01	4.181602e-01	1.171646e-01	5.812860e-01	-4.641214e-01
0.366         	5.226308e-01	4.181023e-01	1.171562e-01	5.812090e-01	-4.640527e-01
0.367         	5.225501e-01	4.180376e-01	1.171321e-01	5.811161e-01	-4.639840e-01
0.368         	5.224159e-01	4.179296e-01	1.170975e-01	5.809647e-01	-4.638672e-01
0.369         	5.223730e-01	4.178968e-01	1.170592e-01	5.809027e-01	-4.638434e-01
0.37          	5.222026e-01	4.177583e-01	1.170502e-01	5.807277e-01	-4.636775e-01
0.371         	5.222578e-01	4.178057e-01	1.169924e-01	5.807540e-01	-4.637616e-01
0.372         	5.220163e-01	4.176081e-01	1.169842e-01	5.805084e-01	-4.635242e-01
0.373         	5.221151e-01	4.176922e-01	1.169281e-01	5.805791e-01	-4.636510e-01
0.374         	5.218227e-01	4.174532e-01	1.169376e-01	5.802914e-01	-4.633539e-01
0.375         	5.219364e-01	4.175487e-01	1.168809e-01	5.803768e-01	-4.634960e-01
0.376         	5.217198e-01	4.173725e-01	1.168966e-01	5.801681e-01	-4.632715e-01
0.377         	5.217595e-01	4.174055e-01	1.168562e-01	5.801876e-01	-4.633314e-01
0.378         	5.216011e-01	4.172783e-01	1.168570e-01	5.800296e-01	-4.631726e-01
0.379         	5.215495e-01	4.172377e-01	1.168519e-01	5.799754e-01	-4.631235e-01
0.38          	5.214754e-01	4.171770e-01	1.167936e-01	5.798722e-01	-4.630787e-01
0.381         	5.214294e-01	4.171426e-01	1.167874e-01	5.798232e-01	-4.630357e-01
0.382         	5.213189e-01	4.170509e-01	1.167218e-01	5.796798e-01	-4.629579e-01
0.383         	5.212771e-01	4.170216e-01	1.167439e-01	5.796491e-01	-4.629052e-01
0.384         	5.212336e-01	4.169827e-01	1.166686e-01	5.795680e-01	-4.628993e-01
0.385         	5.210830e-01	4.168663e-01	1.167124e-01	5.794392e-01	-4.627268e-01
0.386         	5.211480e-01	4.169152e-01	1.166365e-01	5.794663e-01	-4.628298e-01
0.387         	5.209405e-01	4.167518e-01	1.166842e-01	5.792826e-01	-4.625984e-01
0.388         	5.209965e-01	4.167938e-01	1.165717e-01	5.792823e-01	-4.627107e-01
0.389         	5.208329e-01	4.166639e-01	1.166465e-01	5.791562e-01	-4.625096e-01
0.39          	5.208485e-01	4.166738e-01	1.164766e-01	5.790867e-01	-4.626102e-01
0.391         	5.207467e-01	4.166043e-01	1.166365e-01	5.790650e-01	-4.624285e-01
0.392         	5.207471e-01	4.165843e-01	1.163806e-01	5.789374e-01	-4.625568e-01
0.393         	5.206365e-01	4.165151e-01	1.167057e-01	5.789894e-01	-4.622837e-01
0.394         	5.207045e-01	4.165608e-01	1.163275e-01	5.788683e-01	-4.625408e-01
0.395         	5.204553e-01	4.163531e-01	1.166855e-01	5.787981e-01	-4.621126e-01
0.396         	5.207128e-01	4.165780e-01	1.162495e-01	5.788376e-01	-4.625881e-01
0.397         	5.202449e-01	4.161901e-01	1.166734e-01	5.785816e-01	-4.619082e-01
0.398         	5.207145e-01	4.165729e-01	1.161735e-01	5.788012e-01	-4.626277e-01
0.399         	5.200646e-01	4.160379e-01	1.166969e-01	5.784130e-01	-4.617161e-01
0.4           	5.206593e-01	4.165387e-01	1.161089e-01	5.787138e-01	-4.626049e-01
0.401         	5.199754e-01	4.159747e-01	1.165818e-01	5.782663e-01	-4.616845e-01
0.402         	5.205647e-01	4.164551e-01	1.161526e-01	5.786410e-01	-4.624884e-01
0.403         	5.199864e-01	4.159722e-01	1.163372e-01	5.781550e-01	-4.618178e-01
0.404         	5.203920e-01	4.163268e-01	1.162851e-01	5.785346e-01	-4.622495e-01
0.405         	5.198674e-01	4.158848e-01	1.163053e-01	5.780201e-01	-4.617148e-01
0.406         	5.203730e-01	4.162993e-01	1.162520e-01	5.784990e-01	-4.622469e-01
0.407         	5.198731e-01	4.158918e-01	1.163110e-01	5.780286e-01	-4.617176e-01
0.408         	5.202283e-01	4.161878e-01	1.161649e-01	5.783108e-01	-4.621459e-01
0.409         	5.198277e-01	4.158539e-01	1.163612e-01	5.780083e-01	-4.616471e-01
0.41          	5.202226e-01	4.161805e-01	1.161001e-01	5.782726e-01	-4.621726e-01
0.411         	5.197139e-01	4.157676e-01	1.163521e-01	5.778899e-01	-4.615379e-01
0.412         	5.201683e-01	4.161329e-01	1.160671e-01	5.782018e-01	-4.621347e-01
0.413         	5.196297e-01	4.157020e-01	1.163274e-01	5.777934e-01	-4.614660e-01
0.414         	5.201141e-01	4.160910e-01	1.160229e-01	5.781255e-01	-4.621026e-01
0.415         	5.195757e-01	4.156566e-01	1.163205e-01	5.777360e-01	-4.614155e-01
0.416         	5.201126e-01	4.160912e-01	1.159928e-01	5.781090e-01	-4.621162e-01
0.417         	5.195389e-01	4.156263e-01	1.162970e-01	5.776874e-01	-4.613904e-01
0.418         	5.200725e-01	4.160581e-01	1.159427e-01	5.780439e-01	-4.621011e-01
0.419         	5.194775e-01	4.155790e-01	1.163044e-01	5.776297e-01	-4.613253e-01
0.42          	5.201006e-01	4.160803e-01	1.159044e-01	5.780528e-01	-4.621483e-01
0.421         	5.192810e-01	4.154199e-01	1.163545e-01	5.774582e-01	-4.611038e-01
0.422         	5.201187e-01	4.160965e-01	1.158343e-01	5.780359e-01	-4.622015e-01
0.423         	5.192619e-01	4.154048e-01	1.163357e-01	5.774298e-01	-4.610940e-01
0.424         	5.200932e-01	4.160757e-01	1.158581e-01	5.780223e-01	-4.621641e-01
0.425         	5.192262e-01	4.153772e-01	1.163065e-01	5.773794e-01	-4.610729e-01
0.426         	5.201374e-01	4.161114e-01	1.158155e-01	5.780452e-01	-4.622296e-01
0.427         	5.190807e-01	4.152578e-01	1.162542e-01	5.772078e-01	-4.609537e-01
0.428         	5.200680e-01	4.160562e-01	1.157850e-01	5.779605e-01	-4.621755e-01
0.429         	5.190263e-01	4.152172e-01	1.162643e-01	5.771585e-01	-4.608941e-01
0.43          	5.200335e-01	4.160268e-01	1.157586e-01	5.779128e-01	-4.621542e-01
0.431         	5.190327e-01	4.152236e-01	1.162066e-01	5.771360e-01	-4.609294e-01
0.432         	5.199774e-01	4.159813e-01	1.157075e-01	5.778312e-01	-4.621237e-01
0.433         	5.189618e-01	4.151659e-01	1.161944e-01	5.770590e-01	-4.608646e-01
0.434         	5.199200e-01	4.159364e-01	1.156789e-01	5.777594e-01	-4.620805e-01
0.435         	5.191252e-01	4.152979e-01	1.160472e-01	5.771487e-01	-4.611016e-01
0.436         	5.196826e-01	4.157446e-01	1.157392e-01	5.775522e-01	-4.618130e-01
0.437         	5.191717e-01	4.153353e-01	1.159894e-01	5.771665e-01	-4.611770e-01
0.438         	5.196619e-01	4.157284e-01	1.157587e-01	5.775412e-01	-4.617825e-01
0.439         	5.192949e-01	4.154353e-01	1.159818e-01	5.772858e-01	-4.613040e-01
0.44          	5.196999e-01	4.157582e-01	1.158764e-01	5.776381e-01	-4.617617e-01
0.441         	5.193824e-01	4.155056e-01	1.159893e-01	5.773771e-01	-4.613877e-01
0.442         	5.196477e-01	4.157149e-01	1.158430e-01	5.775692e-01	-4.617262e-01
0.443         	5.194001e-01	4.155199e-01	1.158875e-01	5.773438e-01	-4.614564e-01
0.444         	5.195601e-01	4.156445e-01	1.158253e-01	5.774727e-01	-4.616474e-01
0.445         	5.194357e-01	4.155506e-01	1.158253e-01	5.773484e-01	-4.615231e-01
0.446         	5.194339e-01	4.155407e-01	1.158210e-01	5.773444e-01	-4.615234e-01
0.447         	5.194852e-01	4.155923e-01	1.158021e-01	5.773862e-01	-4.615841e-01
0.448         	5.194221e-01	4.155307e-01	1.157564e-01	5.773003e-01	-4.615439e-01
0.449         	5.194877e-01	4.155918e-01	1.157961e-01	5.773858e-01	-4.615896e-01
0.45          	5.194447e-01	4.155540e-01	1.157190e-01	5.773042e-01	-4.615851e-01
0.451         	5.194885e-01	4.155889e-01	1.158233e-01	5.774002e-01	-4.615769e-01
0.452         	5.195048e-01	4.156040e-01	1.157995e-01	5.774046e-01	-4.616051e-01
0.453         	5.195253e-01	4.156179e-01	1.158578e-01	5.774542e-01	-4.615964e-01
0.454         	5.195377e-01	4.156285e-01	1.158330e-01	5.774542e-01	-4.616212e-01
0.455         	5.195352e-01	4.156274e-01	1.158107e-01	5.774406e-01	-4.616298e-01
0.456         	5.195340e-01	4.156254e-01	1.158009e-01	5.774345e-01	-4.616336e-01
0.457         	5.195528e-01	4.156407e-01	1.157886e-01	5.774471e-01	-4.616585e-01
0.458         	5.195612e-01	4.156473e-01	1.157666e-01	5.774445e-01	-4.616779e-01
0.459         	5.195895e-01	4.156714e-01	1.157851e-01	5.774821e-01	-4.616969e-01
0.46          	5.196335e-01	4.157058e-01	1.158083e-01	5.775377e-01	-4.617294e-01
0.461         	5.196771e-01	4.157403e-01	1.158325e-01	5.775933e-01	-4.617608e-01
0.462         	5.196402e-01	4.157109e-01	1.158396e-01	5.775600e-01	-4.617204e-01
0.463         	5.196908e-01	4.157506e-01	1.157960e-01	5.775888e-01	-4.617928e-01
0.464         	5.196593e-01	4.157271e-01	1.158080e-01	5.775633e-01	-4.617553e-01
0.465         	5.197006e-01	4.157573e-01	1.157748e-01	5.775880e-01	-4.618132e-01
0.466         	5.197020e-01	4.157621e-01	1.158248e-01	5.776144e-01	-4.617896e-01
0.467         	5.197298e-01	4.157805e-01	1.157765e-01	5.776181e-01	-4.618415e-01
0.468         	5.197249e-01	4.157803e-01	1.157977e-01	5.776237e-01	-4.618260e-01
0.469         	5.197931e-01	4.158327e-01	1.158004e-01	5.776933e-01	-4.618929e-01
0.47          	5.197972e-01	4.158364e-01	1.157963e-01	5.776954e-01	-4.618991e-01
0.471         	5.198074e-01	4.158445e-01	1.157897e-01	5.777022e-01	-4.619126e-01
0.472         	5.198385e-01	4.158698e-01	1.158123e-01	5.777447e-01	-4.619324e-01
0.473         	5.198492e-01	4.158773e-01	1.158251e-01	5.777617e-01	-4.619367e-01
0.474         	5.198300e-01	4.158630e-01	1.157816e-01	5.777208e-01	-4.619391e-01
0.475         	5.200010e-01	4.159999e-01	1.157940e-01	5.778980e-01	-4.621040e-01
0.476         	5.199591e-01	4.159661e-01	1.157522e-01	5.778352e-01	-4.620830e-01
0.477         	5.200283e-01	4.160220e-01	1.157931e-01	5.779249e-01	-4.621318e-01
0.478         	5.200202e-01	4.160145e-01	1.157744e-01	5.779074e-01	-4.621330e-01
0.479         	5.200788e-01	4.160624e-01	1.157549e-01	5.779563e-01	-4.622013e-01
0.48          	5.200210e-01	4.160151e-01	1.157280e-01	5.778850e-01	-4.621570e-01
0.481         	5.200653e-01	4.160514e-01	1.157388e-01	5.779346e-01	-4.621959e-01
0.482         	5.202134e-01	4.161710e-01	1.156909e-01	5.780588e-01	-4.623679e-01
0.483         	5.202266e-01	4.161788e-01	1.157139e-01	5.780836e-01	-4.623697e-01
0.484         	5.202676e-01	4.162144e-01	1.156826e-01	5.781089e-01	-4.624263e-01
0.485         	5.202870e-01	4.162263e-01	1.157517e-01	5.781629e-01	-4.624112e-01
0.486         	5.203871e-01	4.163111e-01	1.156921e-01	5.782331e-01	-4.625410e-01
0.487         	5.203481e-01	4.162752e-01	1.157617e-01	5.782290e-01	-4.624673e-01
0.488         	5.204786e-01	4.163840e-01	1.157018e-01	5.783295e-01	-4.626277e-01
0.489         	5.204101e-01	4.163255e-01	1.157407e-01	5.782805e-01	-4.625398e-01
0.49          	5.205376e-01	4.164299e-01	1.157253e-01	5.784002e-01	-4.626749e-01
0.491         	5.205623e-01	4.164478e-01	1.157468e-01	5.784357e-01	-4.626889e-01
0.492         	5.205655e-01	4.164519e-01	1.157021e-01	5.784165e-01	-4.627144e-01
0.493         	5.205896e-01	4.164707e-01	1.157526e-01	5.784659e-01	-4.627133e-01
0.494         	5.206202e-01	4.164952e-01	1.157136e-01	5.784770e-01	-4.627634e-01
0.495         	5.206303e-01	4.165031e-01	1.157289e-01	5.784948e-01	-4.627658e-01
0.496         	5.207651e-01	4.166119e-01	1.157076e-01	5.786189e-01	-4.629113e-01
0.497         	5.207237e-01	4.165781e-01	1.157698e-01	5.786086e-01	-4.628389e-01
0.498         	5.208941e-01	4.167141e-01	1.157025e-01	5.787453e-01	-4.630429e-01
0.499         	5.208552e-01	4.166841e-01	1.157946e-01	5.787525e-01	-4.629579e-01
0.5           	5.209488e-01	4.167575e-01	1.157069e-01	5.788023e-01	-4.630953e-01
0.501         	5.209873e-01	4.167901e-01	1.158069e-01	5.788908e-01	-4.630838e-01
0.502         	5.210954e-01	4.168747e-01	1.157818e-01	5.789864e-01	-4.632045e-01
0.503         	5.210642e-01	4.168500e-01	1.156800e-01	5.789042e-01	-4.632242e-01
0.504         	5.210991e-01	4.168784e-01	1.156620e-01	5.789301e-01	-4.632681e-01
0.505         	5.211831e-01	4.169463e-01	1.156927e-01	5.790294e-01	-4.633367e-01
0.506         	5.212549e-01	4.170021e-01	1.157353e-01	5.791226e-01	-4.633873e-01
0.507         	5.212175e-01	4.169724e-01	1.156538e-01	5.790444e-01	-4.633905e-01
0.508         	5.212869e-01	4.170296e-01	1.156540e-01	5.791140e-01	-4.634599e-01
0.509         	5.213341e-01	4.170666e-01	1.156620e-01	5.791651e-01	-4.635031e-01
0.51          	5.214141e-01	4.171306e-01	1.156788e-01	5.792535e-01	-4.635748e-01
0.511         	5.214630e-01	4.171692e-01	1.156556e-01	5.792908e-01	-4.636352e-01
0.512         	5.214900e-01	4.171905e-01	1.156158e-01	5.792979e-01	-4.636821e-01
0.513         	5.214332e-01	4.171454e-01	1.156690e-01	5.792677e-01	-4.635986e-01
0.514         	5.216222e-01	4.172982e-01	1.156991e-01	5.794718e-01	-4.637727e-01
0.515         	5.216863e-01	4.173484e-01	1.156889e-01	5.795307e-01	-4.638418e-01
0.516         	5.217519e-01	4.174006e-01	1.156992e-01	5.796015e-01	-4.639023e-01
0.517         	5.218009e-01	4.174393e-01	1.156995e-01	5.796506e-01	-4.639511e-01
0.518         	5.217571e-01	4.174055e-01	1.157484e-01	5.796313e-01	-4.638829e-01
0.519         	5.219589e-01	4.175654e-01	1.156753e-01	5.797965e-01	-4.641213e-01
0.52          	5.217663e-01	4.174131e-01	1.157277e-01	5.796302e-01	-4.639025e-01
0.521         	5.220190e-01	4.176145e-01	1.156927e-01	5.798654e-01	-4.641727e-01
0.522         	5.219857e-01	4.175875e-01	1.157309e-01	5.798511e-01	-4.641202e-01
0.523         	5.220913e-01	4.176728e-01	1.157155e-01	5.799490e-01	-4.642335e-01
0.524         	5.221587e-01	4.177267e-01	1.156757e-01	5.799966e-01	-4.643209e-01
0.525         	5.221834e-01	4.177436e-01	1.157915e-01	5.800791e-01	-4.642876e-01
0.526         	5.222323e-01	4.177856e-01	1.158074e-01	5.801360e-01	-4.643286e-01
0.527         	5.222932e-01	4.178339e-01	1.157877e-01	5.801870e-01	-4.643993e-01
0.528         	5.223691e-01	4.178945e-01	1.158191e-01	5.802787e-01	-4.644595e-01
0.529         	5.224640e-01	4.179719e-01	1.158259e-01	5.803770e-01	-4.645511e-01
0.53          	5.225376e-01	4.180290e-01	1.158314e-01	5.804533e-01	-4.646220e-01
0.531         	5.225994e-01	4.180796e-01	1.158860e-01	5.805424e-01	-4.646564e-01
0.532         	5.226827e-01	4.181446e-01	1.158338e-01	5.805996e-01	-4.647658e-01
0.533         	5.227072e-01	4.181666e-01	1.158664e-01	5.806404e-01	-4.647740e-01
0.534         	5.228881e-01	4.183097e-01	1.159023e-01	5.808392e-01	-4.649369e-01
0.535         	5.228957e-01	4.183161e-01	1.158815e-01	5.808365e-01	-4.649550e-01
0.536         	5.230598e-01	4.184472e-01	1.159286e-01	5.810241e-01	-4.650955e-01
0.537         	5.231091e-01	4.184887e-01	1.159212e-01	5.810697e-01	-4.651485e-01
0.538         	5.231341e-01	4.185047e-01	1.158968e-01	5.810825e-01	-4.651857e-01
0.539         	5.231700e-01	4.185353e-01	1.159077e-01	5.811239e-01	-4.652162e-01
0.54          	5.232271e-01	4.185813e-01	1.159165e-01	5.811854e-01	-4.652689e-01
0.541         	5.233192e-01	4.186553e-01	1.159167e-01	5.812775e-01	-4.653608e-01
0.542         	5.233892e-01	4.187106e-01	1.159183e-01	5.813484e-01	-4.654301e-01
0.543         	5.234568e-01	4.187649e-01	1.159073e-01	5.814105e-01	-4.655032e-01
0.544         	5.235085e-01	4.188063e-01	1.159219e-01	5.814694e-01	-4.655476e-01
0.545         	5.235815e-01	4.188651e-01	1.158808e-01	5.815219e-01	-4.656411e-01
0.546         	5.236802e-01	4.189432e-01	1.159386e-01	5.816495e-01	-4.657109e-01
0.547         	5.237625e-01	4.190097e-01	1.159353e-01	5.817301e-01	-4.657949e-01
0.548         	5.237838e-01	4.190272e-01	1.158707e-01	5.817192e-01	-4.658485e-01
0.549         	5.238535e-01	4.190818e-01	1.160132e-01	5.818601e-01	-4.658469e-01
0.55          	5.239096e-01	4.191271e-01	1.159984e-01	5.819088e-01	-4.659104e-01
0.551         	5.239932e-01	4.191938e-01	1.160015e-01	5.819939e-01	-4.659924e-01
0.552         	5.240146e-01	4.192106e-01	1.159543e-01	5.819918e-01	-4.660374e-01
0.553         	5.241235e-01	4.192985e-01	1.160213e-01	5.821342e-01	-4.661128e-01
0.554         	5.242934e-01	4.194369e-01	1.159793e-01	5.822831e-01	-4.663038e-01
0.555         	5.244013e-01	4.195194e-01	1.160364e-01	5.824195e-01	-4.663831e-01
0.556         	5.244333e-01	4.195453e-01	1.160348e-01	5.824507e-01	-4.664159e-01
0.557         	5.244500e-01	4.195597e-01	1.160026e-01	5.824513e-01	-4.664487e-01
0.558         	5.245565e-01	4.196460e-01	1.160762e-01	5.825946e-01	-4.665184e-01
0.559         	5.246806e-01	4.197445e-01	1.160681e-01	5.827146e-01	-4.666465e-01
0.56          	5.247359e-01	4.197880e-01	1.160691e-01	5.827705e-01	-4.667013e-01
0.561         	5.248448e-01	4.198747e-01	1.160804e-01	5.828850e-01	-4.668046e-01
0.562         	5.248783e-01	4.199021e-01	1.160862e-01	5.829214e-01	-4.668352e-01
0.563         	5.250172e-01	4.200141e-01	1.161038e-01	5.830691e-01	-4.669653e-01
0.564         	5.250684e-01	4.200536e-01	1.161151e-01	5.831260e-01	-4.670109e-01
0.565         	5.251647e-01	4.201319e-01	1.161342e-01	5.832318e-01	-4.670977e-01
0.566         	5.252831e-01	4.202269e-01	1.161438e-01	5.833550e-01	-4.672112e-01
0.567         	5.252980e-01	4.202356e-01	1.161538e-01	5.833749e-01	-4.672211e-01
0.568         	5.254494e-01	4.203630e-01	1.161301e-01	5.835145e-01	-4.673844e-01
0.569         	5.254082e-01	4.203200e-01	1.162173e-01	5.835168e-01	-4.672996e-01
0.57          	5.256935e-01	4.205628e-01	1.161044e-01	5.837458e-01	-4.676413e-01
0.571         	5.255170e-01	4.204035e-01	1.162835e-01	5.836587e-01	-4.673752e-01
0.572         	5.259472e-01	4.207665e-01	1.161071e-01	5.840008e-01	-4.678937e-01
0.573         	5.256834e-01	4.205423e-01	1.163231e-01	5.838450e-01	-4.675218e-01
0.574         	5.261056e-01	4.208878e-01	1.160734e-01	5.841423e-01	-4.680689e-01
0.575         	5.259274e-01	4.207362e-01	1.162881e-01	5.840714e-01	-4.677833e-01
0.576         	5.262150e-01	4.209758e-01	1.161445e-01	5.842872e-01	-4.681427e-01
0.577         	5.261296e-01	4.209011e-01	1.162408e-01	5.842500e-01	-4.680092e-01
0.578         	5.263520e-01	4.210827e-01	1.161975e-01	5.844508e-01	-4.682533e-01
0.579         	5.263197e-01	4.210538e-01	1.162255e-01	5.844325e-01	-4.682070e-01
0.58          	5.264915e-01	4.211935e-01	1.162426e-01	5.846128e-01	-4.683702e-01
0.581         	5.265646e-01	4.212519e-01	1.162975e-01	5.847134e-01	-4.684159e-01
0.582         	5.266448e-01	4.213164e-01	1.162620e-01	5.847758e-01	-4.685137e-01
0.583         	5.267625e-01	4.214102e-01	1.162454e-01	5.848852e-01	-4.686398e-01
0.584         	5.267965e-01	4.214339e-01	1.163367e-01	5.849649e-01	-4.686282e-01
0.585         	5.269766e-01	4.215847e-01	1.162143e-01	5.850837e-01	-4.688694e-01
0.586         	5.269708e-01	4.215713e-01	1.163781e-01	5.851598e-01	-4.687817e-01
0.587         	5.272011e-01	4.217663e-01	1.162154e-01	5.853088e-01	-4.690934e-01
0.588         	5.271620e-01	4.217245e-01	1.164017e-01	5.853629e-01	-4.689611e-01
0.589         	5.273942e-01	4.219184e-01	1.162456e-01	5.855170e-01	-4.692714e-01
0.59          	5.273545e-01	4.218801e-01	1.164064e-01	5.855577e-01	-4.691514e-01
0.591         	5.275295e-01	4.220258e-01	1.163192e-01	5.856891e-01	-4.693699e-01
0.592         	5.275714e-01	4.220554e-01	1.163412e-01	5.857420e-01	-4.694008e-01
0.593         	5.276950e-01	4.221572e-01	1.163929e-01	5.858914e-01	-4.694985e-01
0.594         	5.277858e-01	4.222277e-01	1.164231e-01	5.859974e-01	-4.695743e-01
0.595         	5.278963e-01	4.223171e-01	1.164446e-01	5.861186e-01	-4.696740e-01
0.596         	5.279760e-01	4.223806e-01	1.164271e-01	5.861895e-01	-4.697624e-01
0.597         	5.280411e-01	4.224334e-01	1.164700e-01	5.862761e-01	-4.698061e-01
0.598         	5.281374e-01	4.225100e-01	1.165409e-01	5.864078e-01	-4.698670e-01
0.599         	5.283430e-01	4.226750e-01	1.165375e-01	5.866117e-01	-4.700743e-01
0.6           	5.284498e-01	4.227589e-01	1.165344e-01	5.867170e-01	-4.701826e-01
0.601         	5.284436e-01	4.227550e-01	1.165002e-01	5.866937e-01	-4.701935e-01
0.602         	5.285680e-01	4.228542e-01	1.165178e-01	5.868269e-01	-4.703091e-01
0.603         	5.286274e-01	4.229025e-01	1.165437e-01	5.868992e-01	-4.703555e-01
0.604         	5.287153e-01	4.229727e-01	1.166504e-01	5.870405e-01	-4.703901e-01
0.605         	5.289060e-01	4.231258e-01	1.165941e-01	5.872031e-01	-4.706090e-01
0.606         	5.288613e-01	4.230895e-01	1.166787e-01	5.872007e-01	-4.705219e-01
0.607         	5.290685e-01	4.232548e-01	1.164985e-01	5.873178e-01	-4.708193e-01
0.608         	5.290814e-01	4.232656e-01	1.167339e-01	5.874484e-01	-4.707145e-01
0.609         	5.292480e-01	4.233980e-01	1.165425e-01	5.875192e-01	-4.709767e-01
0.61          	5.292971e-01	4.234369e-01	1.166562e-01	5.876252e-01	-4.709691e-01
0.611         	5.294383e-01	4.235511e-01	1.166251e-01	5.877509e-01	-4.711258e-01
0.612         	5.295114e-01	4.236088e-01	1.166374e-01	5.878300e-01	-4.711927e-01
0.613         	5.296146e-01	4.236917e-01	1.166541e-01	5.879417e-01	-4.712875e-01
0.614         	5.297195e-01	4.237756e-01	1.166946e-01	5.880668e-01	-4.713721e-01
0.615         	5.298369e-01	4.238696e-01	1.167129e-01	5.881933e-01	-4.714804e-01
0.616         	5.298990e-01	4.239188e-01	1.166835e-01	5.882407e-01	-4.715572e-01
0.617         	5.300119e-01	4.240095e-01	1.166812e-01	5.883525e-01	-4.716712e-01
0.618         	5.300896e-01	4.240721e-01	1.167081e-01	5.884436e-01	-4.717356e-01
0.619         	5.302645e-01	4.242116e-01	1.168066e-01	5.886678e-01	-4.718612e-01
0.62          	5.303796e-01	4.243046e-01	1.168208e-01	5.887900e-01	-4.719692e-01
0.621         	5.305048e-01	4.244047e-01	1.168195e-01	5.889145e-01	-4.720951e-01
0.622         	5.305694e-01	4.244548e-01	1.168168e-01	5.889778e-01	-4.721610e-01
0.623         	5.306613e-01	4.245293e-01	1.168307e-01	5.890766e-01	-4.722459e-01
0.624         	5.307702e-01	4.246163e-01	1.168581e-01	5.891993e-01	-4.723411e-01
0.625         	5.309228e-01	4.247383e-01	1.168851e-01	5.893654e-01	-4.724803e-01
0.626         	5.309608e-01	4.247693e-01	1.168429e-01	5.893822e-01	-4.725393e-01
0.627         	5.310944e-01	4.248759e-01	1.168720e-01	5.895304e-01	-4.726584e-01
0.628         	5.312202e-01	4.249764e-01	1.168726e-01	5.896565e-01	-4.727839e-01
0.629         	5.312964e-01	4.250362e-01	1.168537e-01	5.897233e-01	-4.728696e-01
0.63          	5.314292e-01	4.251456e-01	1.169335e-01	5.898960e-01	-4.729625e-01
0.631         	5.315693e-01	4.252518e-01	1.170154e-01	5.900770e-01	-4.730616e-01
0.632         	5.317589e-01	4.254145e-01	1.169091e-01	5.902135e-01	-4.733044e-01
0.633         	5.317208e-01	4.253704e-01	1.171075e-01	5.902746e-01	-4.731670e-01
0.634         	5.320315e-01	4.256306e-01	1.168877e-01	5.904754e-01	-4.735877e-01
0.635         	5.319199e-01	4.255330e-01	1.171670e-01	5.905033e-01	-4.733364e-01
0.636         	5.322872e-01	4.258325e-01	1.168921e-01	5.907333e-01	-4.738412e-01
0.637         	5.321148e-01	4.256899e-01	1.171886e-01	5.907091e-01	-4.735205e-01
0.638         	5.325222e-01	4.260203e-01	1.169722e-01	5.910083e-01	-4.740361e-01
0.639         	5.323837e-01	4.259057e-01	1.172662e-01	5.910168e-01	-4.737506e-01
0.64          	5.326855e-01	4.261490e-01	1.169794e-01	5.911752e-01	-4.741958e-01
0.641         	5.326085e-01	4.260864e-01	1.172421e-01	5.912296e-01	-4.739875e-01
0.642         	5.328951e-01	4.263173e-01	1.170229e-01	5.914065e-01	-4.743836e-01
0.643         	5.328642e-01	4.262910e-01	1.172529e-01	5.914907e-01	-4.742378e-01
0.644         	5.331125e-01	4.264906e-01	1.171148e-01	5.916699e-01	-4.745551e-01
0.645         	5.330986e-01	4.264786e-01	1.172296e-01	5.917133e-01	-4.744838e-01
0.646         	5.332940e-01	4.266363e-01	1.170932e-01	5.918406e-01	-4.747474e-01
0.647         	5.333251e-01	4.266600e-01	1.172098e-01	5.919300e-01	-4.747202e-01
0.648         	5.335256e-01	4.268211e-01	1.171569e-01	5.921041e-01	-4.749471e-01
0.649         	5.335868e-01	4.268696e-01	1.172480e-01	5.922108e-01	-4.749628e-01
0.65          	5.337421e-01	4.269939e-01	1.172343e-01	5.923592e-01	-4.751249e-01
0.651         	5.337876e-01	4.270304e-01	1.172839e-01	5.924295e-01	-4.751456e-01
0.652         	5.339994e-01	4.272002e-01	1.172566e-01	5.926277e-01	-4.753711e-01
0.653         	5.340923e-01	4.272740e-01	1.172693e-01	5.927269e-01	-4.754577e-01
0.654         	5.341969e-01	4.273577e-01	1.173196e-01	5.928566e-01	-4.755371e-01
0.655         	5.342928e-01	4.274346e-01	1.173492e-01	5.929674e-01	-4.756182e-01
0.656         	5.344271e-01	4.275418e-01	1.173606e-01	5.931074e-01	-4.757468e-01
0.657         	5.345540e-01	4.276447e-01	1.173679e-01	5.932380e-01	-4.758700e-01
0.658         	5.346383e-01	4.277102e-01	1.173755e-01	5.933260e-01	-4.759505e-01
0.659         	5.347566e-01	4.278062e-01	1.174052e-01	5.934592e-01	-4.760540e-01
0.66          	5.348824e-01	4.279050e-01	1.174389e-01	5.936019e-01	-4.761630e-01
0.661         	5.349512e-01	4.279616e-01	1.174722e-01	5.936873e-01	-4.762151e-01
0.662         	5.350956e-01	4.280770e-01	1.174035e-01	5.937973e-01	-4.763938e-01
0.663         	5.351515e-01	4.281219e-01	1.174440e-01	5.938735e-01	-4.764295e-01
0.664         	5.353969e-01	4.283180e-01	1.173639e-01	5.940788e-01	-4.767149e-01
0.665         	5.354177e-01	4.283355e-01	1.175840e-01	5.942096e-01	-4.766257e-01
0.666         	5.358054e-01	4.286448e-01	1.173940e-01	5.945024e-01	-4.771084e-01
0.667         	5.356175e-01	4.284945e-01	1.176790e-01	5.944570e-01	-4.767780e-01
0.668         	5.360170e-01	4.288133e-01	1.174246e-01	5.947293e-01	-4.773047e-01
0.669         	5.358996e-01	4.287224e-01	1.176312e-01	5.947152e-01	-4.770840e-01
0.67          	5.361890e-01	4.289498e-01	1.175361e-01	5.949571e-01	-4.774209e-01
0.671         	5.362265e-01	4.289841e-01	1.175877e-01	5.950204e-01	-4.774327e-01
0.672         	5.363588e-01	4.290853e-01	1.176501e-01	5.951839e-01	-4.775338e-01
0.673         	5.365134e-01	4.292137e-01	1.175174e-01	5.952721e-01	-4.777547e-01
0.674         	5.366001e-01	4.292778e-01	1.177283e-01	5.954642e-01	-4.777360e-01
0.675         	5.367142e-01	4.293738e-01	1.175157e-01	5.954720e-01	-4.779563e-01
0.676         	5.367401e-01	4.293912e-01	1.177272e-01	5.956037e-01	-4.778765e-01
0.677         	5.369646e-01	4.295738e-01	1.175829e-01	5.957560e-01	-4.781732e-01
0.678         	5.370591e-01	4.296476e-01	1.177174e-01	5.959178e-01	-4.782004e-01
0.679         	5.371848e-01	4.297478e-01	1.176350e-01	5.960024e-01	-4.783673e-01
0.68          	5.372891e-01	4.298311e-01	1.177187e-01	5.961484e-01	-4.784297e-01
0.681         	5.374229e-01	4.299393e-01	1.177267e-01	5.962862e-01	-4.785595e-01
0.682         	5.375433e-01	4.300352e-01	1.177448e-01	5.964157e-01	-4.786708e-01
0.683         	5.376672e-01	4.301346e-01	1.177631e-01	5.965487e-01	-4.787856e-01
0.684         	5.377930e-01	4.302348e-01	1.177791e-01	5.966826e-01	-4.789035e-01
0.685         	5.379145e-01	4.303322e-01	1.177954e-01	5.968122e-01	-4.790168e-01
0.686         	5.380413e-01	4.304334e-01	1.178083e-01	5.969454e-01	-4.791371e-01
0.687         	5.381685e-01	4.305357e-01	1.178209e-01	5.970789e-01	-4.792580e-01
0.688         	5.382961e-01	4.306374e-01	1.178320e-01	5.972121e-01	-4.793801e-01
0.689         	5.384225e-01	4.307388e-01	1.178343e-01	5.973396e-01	-4.795053e-01
0.69          	5.385501e-01	4.308409e-01	1.177837e-01	5.974420e-01	-4.796582e-01
0.691         	5.386943e-01	4.309561e-01	1.178883e-01	5.976385e-01	-4.797502e-01
0.692         	5.387987e-01	4.310389e-01	1.179588e-01	5.977781e-01	-4.798193e-01
0.693         	5.389188e-01	4.311361e-01	1.179802e-01	5.979089e-01	-4.799287e-01
0.694         	5.390493e-01	4.312401e-01	1.179843e-01	5.980415e-01	-4.800572e-01
0.695         	5.391777e-01	4.313431e-01	1.179907e-01	5.981731e-01	-4.801823e-01
0.696         	5.393072e-01	4.314463e-01	1.180044e-01	5.983094e-01	-4.803051e-01
0.697         	5.394367e-01	4.315503e-01	1.180220e-01	5.984477e-01	-4.804257e-01
0.698         	5.395653e-01	4.316528e-01	1.180406e-01	5.985856e-01	-4.805450e-01
0.699         	5.396932e-01	4.317555e-01	1.180574e-01	5.987218e-01	-4.806645e-01
0.7           	5.398221e-01	4.318582e-01	1.180733e-01	5.988588e-01	-4.807855e-01
0.701         	5.399529e-01	4.319633e-01	1.180907e-01	5.989983e-01	-4.809076e-01
0.702         	5.401083e-01	4.320869e-01	1.181287e-01	5.991726e-01	-4.810439e-01
0.703         	5.401981e-01	4.321597e-01	1.181123e-01	5.992543e-01	-4.811420e-01
0.704         	5.403278e-01	4.322627e-01	1.181205e-01	5.993881e-01	-4.812676e-01
0.705         	5.404499e-01	4.323605e-01	1.181477e-01	5.995237e-01	-4.813760e-01
0.706         	5.405588e-01	4.324470e-01	1.181720e-01	5.996448e-01	-4.814728e-01
0.707         	5.407166e-01	4.325751e-01	1.181863e-01	5.998097e-01	-4.816234e-01
0.708         	5.408681e-01	4.326953e-01	1.182027e-01	5.999695e-01	-4.817668e-01
0.709         	5.410042e-01	4.328043e-01	1.182213e-01	6.001148e-01	-4.818935e-01
0.71          	5.411416e-01	4.329138e-01	1.182446e-01	6.002640e-01	-4.820193e-01
0.711         	5.413001e-01	4.330415e-01	1.182847e-01	6.004425e-01	-4.821578e-01
0.712         	5.413854e-01	4.331082e-01	1.182568e-01	6.005138e-01	-4.822570e-01
0.713         	5.415051e-01	4.332038e-01	1.183003e-01	6.006553e-01	-4.823550e-01
0.714         	5.416259e-01	4.333027e-01	1.182938e-01	6.007728e-01	-4.824790e-01
0.715         	5.417494e-01	4.334006e-01	1.182927e-01	6.008958e-01	-4.826031e-01
0.716         	5.418756e-01	4.335008e-01	1.183115e-01	6.010313e-01	-4.827198e-01
0.717         	5.420302e-01	4.336252e-01	1.183530e-01	6.012067e-01	-4.828537e-01
0.718         	5.421440e-01	4.337154e-01	1.183353e-01	6.013116e-01	-4.829763e-01
0.719         	5.422760e-01	4.338222e-01	1.183542e-01	6.014531e-01	-4.830989e-01
0.72          	5.424107e-01	4.339292e-01	1.183718e-01	6.015966e-01	-4.832248e-01
0.721         	5.425543e-01	4.340446e-01	1.183886e-01	6.017486e-01	-4.833599e-01
0.722         	5.427171e-01	4.341740e-01	1.184071e-01	6.019206e-01	-4.835135e-01
0.723         	5.428090e-01	4.342479e-01	1.183880e-01	6.020030e-01	-4.836150e-01
0.724         	5.429259e-01	4.343405e-01	1.184467e-01	6.021492e-01	-4.837026e-01
0.725         	5.430429e-01	4.344352e-01	1.184721e-01	6.022790e-01	-4.838069e-01
0.726         	5.432018e-01	4.345625e-01	1.184707e-01	6.024372e-01	-4.839665e-01
0.727         	5.433364e-01	4.346702e-01	1.184875e-01	6.025801e-01	-4.840926e-01
0.728         	5.434534e-01	4.347627e-01	1.185541e-01	6.027304e-01	-4.841763e-01
0.729         	5.435886e-01	4.348718e-01	1.185369e-01	6.028570e-01	-4.843201e-01
0.73          	5.437421e-01	4.349943e-01	1.185181e-01	6.030012e-01	-4.844831e-01
0.731         	5.438265e-01	4.350613e-01	1.185718e-01	6.031124e-01	-4.845406e-01
0.732         	5.440426e-01	4.352363e-01	1.185450e-01	6.033151e-01	-4.847701e-01
0.733         	5.441741e-01	4.353404e-01	1.186104e-01	6.034793e-01	-4.848689e-01
0.734         	5.443192e-01	4.354557e-01	1.185801e-01	6.036093e-01	-4.850291e-01
0.735         	5.444584e-01	4.355678e-01	1.186621e-01	6.037894e-01	-4.851273e-01
0.736         	5.445883e-01	4.356712e-01	1.186756e-01	6.039261e-01	-4.852505e-01
0.737         	5.447203e-01	4.357775e-01	1.186940e-01	6.040673e-01	-4.853733e-01
0.738         	5.448669e-01	4.358942e-01	1.187074e-01	6.042206e-01	-4.855132e-01
0.739         	5.450141e-01	4.360126e-01	1.187330e-01	6.043806e-01	-4.856476e-01
0.74          	5.451708e-01	4.361366e-01	1.187800e-01	6.045608e-01	-4.857808e-01
0.741         	5.452691e-01	4.362163e-01	1.187526e-01	6.046454e-01	-4.858927e-01
0.742         	5.454023e-01	4.363224e-01	1.187650e-01	6.047848e-01	-4.860198e-01
0.743         	5.455567e-01	4.364477e-01	1.188008e-01	6.049571e-01	-4.861563e-01
0.744         	5.456588e-01	4.365278e-01	1.187827e-01	6.050502e-01	-4.862675e-01
0.745         	5.457695e-01	4.366166e-01	1.188014e-01	6.051702e-01	-4.863688e-01
0.746         	5.459627e-01	4.367707e-01	1.187768e-01	6.053512e-01	-4.865743e-01
0.747         	5.461234e-01	4.368997e-01	1.188526e-01	6.055497e-01	-4.866971e-01
0.748         	5.462286e-01	4.369833e-01	1.188695e-01	6.056633e-01	-4.867939e-01
0.749         	5.463617e-01	4.370905e-01	1.188914e-01	6.058074e-01	-4.869160e-01
0.75          	5.464632e-01	4.371709e-01	1.188942e-01	6.059103e-01	-4.870161e-01
0.751         	5.466357e-01	4.373095e-01	1.189259e-01	6.060986e-01	-4.871727e-01
0.752         	5.468488e-01	4.374792e-01	1.189741e-01	6.063358e-01	-4.873617e-01
0.753         	5.469734e-01	4.375807e-01	1.189842e-01	6.064655e-01	-4.874813e-01
0.754         	5.470896e-01	4.376727e-01	1.189874e-01	6.065834e-01	-4.875959e-01
0.755         	5.472155e-01	4.377733e-01	1.189951e-01	6.067130e-01	-4.877179e-01
0.756         	5.473485e-01	4.378791e-01	1.190128e-01	6.068549e-01	-4.878421e-01
0.757         	5.474814e-01	4.379861e-01	1.190291e-01	6.069959e-01	-4.879668e-01
0.758         	5.476071e-01	4.380859e-01	1.190365e-01	6.071253e-01	-4.880888e-01
0.759         	5.477653e-01	4.382139e-01	1.190740e-01	6.073023e-01	-4.882283e-01
0.76          	5.479714e-01	4.383778e-01	1.191290e-01	6.075359e-01	-4.884069e-01
0.761         	5.480625e-01	4.384514e-01	1.191276e-01	6.076263e-01	-4.884986e-01
0.762         	5.482367e-01	4.385901e-01	1.191328e-01	6.078030e-01	-4.886703e-01
0.763         	5.484143e-01	4.387328e-01	1.191408e-01	6.079847e-01	-4.888439e-01
0.764         	5.485239e-01	4.388196e-01	1.191553e-01	6.081016e-01	-4.889462e-01
0.765         	5.486363e-01	4.389101e-01	1.191606e-01	6.082166e-01	-4.890560e-01
0.766         	5.487712e-01	4.390177e-01	1.191800e-01	6.083612e-01	-4.891812e-01
0.767         	5.489058e-01	4.391260e-01	1.191990e-01	6.085053e-01	-4.893063e-01
0.768         	5.490433e-01	4.392353e-01	1.192185e-01	6.086526e-01	-4.894340e-01
0.769         	5.491988e-01	4.393601e-01	1.192478e-01	6.088227e-01	-4.895749e-01
0.77          	5.492748e-01	4.394217e-01	1.192565e-01	6.089030e-01	-4.896465e-01
0.771         	5.494519e-01	4.395636e-01	1.192750e-01	6.090894e-01	-4.898144e-01
0.772         	5.496163e-01	4.396938e-01	1.192638e-01	6.092482e-01	-4.899844e-01
0.773         	5.498018e-01	4.398429e-01	1.192901e-01	6.094469e-01	-4.901568e-01
0.774         	5.499201e-01	4.399362e-01	1.193347e-01	6.095874e-01	-4.902527e-01
0.775         	5.500614e-01	4.400502e-01	1.193538e-01	6.097383e-01	-4.903844e-01
0.776         	5.502336e-01	4.401875e-01	1.193533e-01	6.099102e-01	-4.905570e-01
0.777         	5.503646e-01	4.402928e-01	1.193781e-01	6.100536e-01	-4.906756e-01
0.778         	5.504990e-01	4.403998e-01	1.193910e-01	6.101945e-01	-4.908035e-01
0.779         	5.506371e-01	4.405111e-01	1.194054e-01	6.103398e-01	-4.909344e-01
0.78          	5.507820e-01	4.406261e-01	1.194245e-01	6.104942e-01	-4.910697e-01
0.781         	5.509020e-01	4.407228e-01	1.194451e-01	6.106246e-01	-4.911794e-01
0.782         	5.510441e-01	4.408358e-01	1.194606e-01	6.107744e-01	-4.913138e-01
0.783         	5.511791e-01	4.409447e-01	1.194408e-01	6.108995e-01	-4.914587e-01
0.784         	5.513576e-01	4.410868e-01	1.195297e-01	6.111225e-01	-4.915928e-01
0.785         	5.514609e-01	4.411696e-01	1.195176e-01	6.112197e-01	-4.917021e-01
0.786         	5.515988e-01	4.412798e-01	1.195345e-01	6.113660e-01	-4.918315e-01
0.787         	5.517274e-01	4.413835e-01	1.195476e-01	6.115012e-01	-4.919536e-01
0.788         	5.518503e-01	4.414813e-01	1.195602e-01	6.116304e-01	-4.920702e-01
0.789         	5.520607e-01	4.416492e-01	1.196051e-01	6.118632e-01	-4.922581e-01
0.79          	5.522122e-01	4.417709e-01	1.196220e-01	6.120232e-01	-4.924012e-01
0.791         	5.523502e-01	4.418821e-01	1.196362e-01	6.121683e-01	-4.925321e-01
0.792         	5.524932e-01	4.419954e-01	1.196504e-01	6.123184e-01	-4.926679e-01
0.793         	5.526326e-01	4.421075e-01	1.196668e-01	6.124660e-01	-4.927992e-01
0.794         	5.527769e-01	4.422222e-01	1.196853e-01	6.126196e-01	-4.929343e-01
0.795         	5.529218e-01	4.423390e-01	1.197035e-01	6.127735e-01	-4.930700e-01
0.796         	5.530870e-01	4.424708e-01	1.197063e-01	6.129402e-01	-4.932339e-01
0.797         	5.532361e-01	4.425899e-01	1.197657e-01	6.131190e-01	-4.933533e-01
0.798         	5.533195e-01	4.426560e-01	1.197321e-01	6.131855e-01	-4.934535e-01
0.799         	5.534428e-01	4.427559e-01	1.197184e-01	6.133020e-01	-4.935836e-01
0.8           	5.536090e-01	4.428883e-01	1.197909e-01	6.135045e-01	-4.937136e-01
0.801         	5.537645e-01	4.430135e-01	1.198123e-01	6.136706e-01	-4.938583e-01
0.802         	5.539091e-01	4.431275e-01	1.198288e-01	6.138235e-01	-4.939947e-01
0.803         	5.540411e-01	4.432342e-01	1.198479e-01	6.139650e-01	-4.941172e-01
0.804         	5.541962e-01	4.433587e-01	1.198833e-01	6.141379e-01	-4.942546e-01
0.805         	5.543258e-01	4.434625e-01	1.198772e-01	6.142644e-01	-4.943871e-01
0.806         	5.544978e-01	4.435985e-01	1.199102e-01	6.144529e-01	-4.945427e-01
0.807         	5.546072e-01	4.436870e-01	1.199114e-01	6.145629e-01	-4.946515e-01
0.808         	5.547529e-01	4.438028e-01	1.199277e-01	6.147168e-01	-4.947891e-01
0.809         	5.548920e-01	4.439142e-01	1.199421e-01	6.148630e-01	-4.949210e-01
0.81          	5.550378e-01	4.440308e-01	1.199670e-01	6.150212e-01	-4.950543e-01
0.811         	5.551919e-01	4.441550e-01	1.199784e-01	6.151811e-01	-4.952027e-01
0.812         	5.553407e-01	4.442733e-01	1.200001e-01	6.153408e-01	-4.953406e-01
0.813         	5.554839e-01	4.443886e-01	1.200197e-01	6.154937e-01	-4.954740e-01
0.814         	5.556295e-01	4.445043e-01	1.200392e-01	6.156491e-01	-4.956099e-01
0.815         	5.557734e-01	4.446202e-01	1.200597e-01	6.158033e-01	-4.957436e-01
0.816         	5.559220e-01	4.447384e-01	1.200808e-01	6.159624e-01	-4.958816e-01
0.817         	5.560891e-01	4.448728e-01	1.201053e-01	6.161417e-01	-4.960364e-01
0.818         	5.562089e-01	4.449682e-01	1.201453e-01	6.162816e-01	-4.961363e-01
0.819         	5.563540e-01	4.450844e-01	1.201436e-01	6.164258e-01	-4.962822e-01
0.82          	5.565100e-01	4.452084e-01	1.200808e-01	6.165504e-01	-4.964696e-01
0.821         	5.566436e-01	4.453163e-01	1.201385e-01	6.167129e-01	-4.965744e-01
0.822         	5.567934e-01	4.454355e-01	1.201582e-01	6.168725e-01	-4.967144e-01
0.823         	5.569421e-01	4.455554e-01	1.201751e-01	6.170297e-01	-4.968546e-01
0.824         	5.570796e-01	4.456649e-01	1.202160e-01	6.171876e-01	-4.969716e-01
0.825         	5.572299e-01	4.457856e-01	1.202358e-01	6.173478e-01	-4.971121e-01
0.826         	5.573593e-01	4.458875e-01	1.202442e-01	6.174814e-01	-4.972372e-01
0.827         	5.575304e-01	4.460257e-01	1.202662e-01	6.176635e-01	-4.973973e-01
0.828         	5.576719e-01	4.461385e-01	1.202870e-01	6.178154e-01	-4.975284e-01
0.829         	5.578459e-01	4.462788e-01	1.202822e-01	6.179870e-01	-4.977048e-01
0.83          	5.580124e-01	4.464106e-01	1.203002e-01	6.181625e-01	-4.978623e-01
0.831         	5.581240e-01	4.465005e-01	1.203064e-01	6.182772e-01	-4.979709e-01
0.832         	5.582641e-01	4.466117e-01	1.203218e-01	6.184250e-01	-4.981032e-01
0.833         	5.584040e-01	4.467252e-01	1.203390e-01	6.185735e-01	-4.982345e-01
0.834         	5.585628e-01	4.468510e-01	1.203676e-01	6.187466e-01	-4.983789e-01
0.835         	5.587100e-01	4.469697e-01	1.203859e-01	6.189029e-01	-4.985170e-01
0.836         	5.588597e-01	4.470885e-01	1.204034e-01	6.190614e-01	-4.986580e-01
0.837         	5.590057e-01	4.472062e-01	1.204208e-01	6.192162e-01	-4.987953e-01
0.838         	5.591547e-01	4.473245e-01	1.204381e-01	6.193738e-01	-4.989357e-01
0.839         	5.593017e-01	4.474430e-01	1.204528e-01	6.195281e-01	-4.990752e-01
0.84          	5.594496e-01	4.475604e-01	1.204638e-01	6.196815e-01	-4.992177e-01
0.841         	5.595838e-01	4.476688e-01	1.204383e-01	6.198030e-01	-4.993647e-01
0.842         	5.597559e-01	4.478056e-01	1.205204e-01	6.200161e-01	-4.994957e-01
0.843         	5.599119e-01	4.479317e-01	1.205503e-01	6.201871e-01	-4.996368e-01
0.844         	5.600494e-01	4.480403e-01	1.205562e-01	6.203275e-01	-4.997712e-01
0.845         	5.601921e-01	4.481553e-01	1.205690e-01	6.204766e-01	-4.999076e-01
0.846         	5.603395e-01	4.482723e-01	1.205837e-01	6.206314e-01	-5.000477e-01
0.847         	5.604788e-01	4.483846e-01	1.205922e-01	6.207749e-01	-5.001827e-01
0.848         	5.606269e-01	4.485020e-01	1.206085e-01	6.209312e-01	-5.003227e-01
0.849         	5.607338e-01	4.485891e-01	1.206591e-01	6.210633e-01	-5.004043e-01
0.85          	5.609517e-01	4.487627e-01	1.206632e-01	6.212833e-01	-5.006201e-01
0.851         	5.610588e-01	4.488482e-01	1.207121e-01	6.214149e-01	-5.007028e-01
0.852         	5.613043e-01	4.490467e-01	1.206845e-01	6.216466e-01	-5.009621e-01
0.853         	5.613887e-01	4.491092e-01	1.207709e-01	6.217741e-01	-5.010032e-01
0.854         	5.616353e-01	4.493101e-01	1.206565e-01	6.219636e-01	-5.013071e-01
0.855         	5.616025e-01	4.492827e-01	1.208551e-01	6.220301e-01	-5.011750e-01
0.856         	5.619512e-01	4.495621e-01	1.206412e-01	6.222718e-01	-5.016306e-01
0.857         	5.618748e-01	4.495020e-01	1.209143e-01	6.223320e-01	-5.014177e-01
0.858         	5.622520e-01	4.498021e-01	1.206635e-01	6.225837e-01	-5.019202e-01
0.859         	5.621557e-01	4.497266e-01	1.209473e-01	6.226294e-01	-5.016821e-01
0.86          	5.625490e-01	4.500404e-01	1.206953e-01	6.228966e-01	-5.022013e-01
0.861         	5.624913e-01	4.499952e-01	1.209948e-01	6.229887e-01	-5.019939e-01
0.862         	5.628585e-01	4.502872e-01	1.207267e-01	6.232219e-01	-5.024952e-01
0.863         	5.627846e-01	4.502305e-01	1.210283e-01	6.232987e-01	-5.022705e-01
0.864         	5.631787e-01	4.505438e-01	1.207783e-01	6.235678e-01	-5.027895e-01
0.865         	5.630732e-01	4.504610e-01	1.210412e-01	6.235938e-01	-5.025526e-01
0.866         	5.634411e-01	4.507534e-01	1.208124e-01	6.238473e-01	-5.030349e-01
0.867         	5.633825e-01	4.507085e-01	1.210594e-01	6.239122e-01	-5.028527e-01
0.868         	5.637043e-01	4.509633e-01	1.208453e-01	6.241270e-01	-5.032817e-01
0.869         	5.636973e-01	4.509607e-01	1.210754e-01	6.242350e-01	-5.031596e-01
0.87          	5.639810e-01	4.511847e-01	1.208857e-01	6.244239e-01	-5.035382e-01
0.871         	5.640083e-01	4.512094e-01	1.210754e-01	6.245460e-01	-5.034706e-01
0.872         	5.642800e-01	4.514239e-01	1.208972e-01	6.247286e-01	-5.038314e-01
0.873         	5.643154e-01	4.514547e-01	1.211412e-01	6.248860e-01	-5.037448e-01
0.874         	5.645937e-01	4.516752e-01	1.210320e-01	6.251097e-01	-5.040778e-01
0.875         	5.646278e-01	4.517045e-01	1.211578e-01	6.252066e-01	-5.040489e-01
0.876         	5.648931e-01	4.519148e-01	1.210821e-01	6.254341e-01	-5.043520e-01
0.877         	5.649458e-01	4.519581e-01	1.211725e-01	6.255320e-01	-5.043595e-01
0.878         	5.651711e-01	4.521372e-01	1.211239e-01	6.257330e-01	-5.046091e-01
0.879         	5.652506e-01	4.522022e-01	1.211915e-01	6.258464e-01	-5.046549e-01
0.88          	5.654590e-01	4.523679e-01	1.211719e-01	6.260450e-01	-5.048730e-01
0.881         	5.655884e-01	4.524726e-01	1.212379e-01	6.262074e-01	-5.049695e-01
0.882         	5.657557e-01	4.526056e-01	1.212046e-01	6.263580e-01	-5.051534e-01
0.883         	5.658974e-01	4.527190e-01	1.212313e-01	6.265130e-01	-5.052817e-01
0.884         	5.660478e-01	4.528390e-01	1.212375e-01	6.266665e-01	-5.054290e-01
0.885         	5.661888e-01	4.529528e-01	1.212565e-01	6.268170e-01	-5.055605e-01
0.886         	5.663397e-01	4.530727e-01	1.212698e-01	6.269747e-01	-5.057048e-01
0.887         	5.664886e-01	4.531928e-01	1.212777e-01	6.271274e-01	-5.058497e-01
0.888         	5.666386e-01	4.533115e-01	1.212642e-01	6.272707e-01	-5.060064e-01
0.889         	5.667767e-01	4.534243e-01	1.213038e-01	6.274286e-01	-5.061248e-01
0.89          	5.669761e-01	4.535815e-01	1.213613e-01	6.276567e-01	-5.062954e-01
0.891         	5.671279e-01	4.537041e-01	1.213790e-01	6.278174e-01	-5.064384e-01
0.892         	5.672752e-01	4.538211e-01	1.213981e-01	6.279743e-01	-5.065762e-01
0.893         	5.674280e-01	4.539441e-01	1.214122e-01	6.281341e-01	-5.067218e-01
0.894         	5.675807e-01	4.540653e-01	1.214302e-01	6.282958e-01	-5.068656e-01
0.895         	5.677310e-01	4.541865e-01	1.214471e-01	6.284546e-01	-5.070075e-01
0.896         	5.678718e-01	4.542980e-01	1.214642e-01	6.286039e-01	-5.071397e-01
0.897         	5.680200e-01	4.544178e-01	1.214821e-01	6.287610e-01	-5.072789e-01
0.898         	5.681849e-01	4.545486e-01	1.215195e-01	6.289446e-01	-5.074251e-01
0.899         	5.683226e-01	4.546600e-01	1.215140e-01	6.290797e-01	-5.075656e-01
0.9           	5.685023e-01	4.548024e-01	1.215460e-01	6.292753e-01	-5.077293e-01
0.901         	5.686127e-01	4.548919e-01	1.215466e-01	6.293860e-01	-5.078394e-01
0.902         	5.687557e-01	4.550053e-01	1.215715e-01	6.295415e-01	-5.079700e-01
0.903         	5.689020e-01	4.551234e-01	1.215765e-01	6.296902e-01	-5.081137e-01
0.904         	5.690712e-01	4.552579e-01	1.215942e-01	6.298683e-01	-5.082741e-01
0.905         	5.692111e-01	4.553706e-01	1.216046e-01	6.300134e-01	-5.084088e-01
0.906         	5.693760e-01	4.555014e-01	1.216290e-01	6.301905e-01	-5.085615e-01
0.907         	5.695394e-01	4.556338e-01	1.216515e-01	6.303652e-01	-5.087137e-01
0.908         	5.697066e-01	4.557649e-01	1.216872e-01	6.305502e-01	-5.088630e-01
0.909         	5.698341e-01	4.558687e-01	1.216758e-01	6.306721e-01	-5.089962e-01
0.91          	5.699651e-01	4.559725e-01	1.216896e-01	6.308100e-01	-5.091203e-01
0.911         	5.701239e-01	4.561012e-01	1.217124e-01	6.309801e-01	-5.092677e-01
0.912         	5.702511e-01	4.562017e-01	1.217341e-01	6.311181e-01	-5.093840e-01
0.913         	5.704476e-01	4.563609e-01	1.217283e-01	6.313118e-01	-5.095835e-01
0.914         	5.705986e-01	4.564798e-01	1.217464e-01	6.314719e-01	-5.097254e-01
0.915         	5.707718e-01	4.566192e-01	1.217708e-01	6.316572e-01	-5.098864e-01
0.916         	5.708949e-01	4.567165e-01	1.217761e-01	6.317829e-01	-5.100068e-01
0.917         	5.710491e-01	4.568411e-01	1.217883e-01	6.319432e-01	-5.101549e-01
0.918         	5.712232e-01	4.569789e-01	1.218115e-01	6.321289e-01	-5.103174e-01
0.919         	5.713365e-01	4.570712e-01	1.218403e-01	6.322566e-01	-5.104163e-01
0.92          	5.714866e-01	4.571900e-01	1.218598e-01	6.324164e-01	-5.105567e-01
0.921         	5.716310e-01	4.573066e-01	1.218814e-01	6.325717e-01	-5.106903e-01
0.922         	5.717932e-01	4.574354e-01	1.218985e-01	6.327425e-01	-5.108439e-01
0.923         	5.719152e-01	4.575341e-01	1.218919e-01	6.328611e-01	-5.109693e-01
0.924         	5.721301e-01	4.577047e-01	1.219520e-01	6.331061e-01	-5.111541e-01
0.925         	5.722772e-01	4.578235e-01	1.219180e-01	6.332362e-01	-5.113182e-01
0.926         	5.724272e-01	4.579427e-01	1.219332e-01	6.333938e-01	-5.114606e-01
0.927         	5.725804e-01	4.580663e-01	1.219460e-01	6.335534e-01	-5.116074e-01
0.928         	5.727527e-01	4.582040e-01	1.219689e-01	6.337372e-01	-5.117683e-01
0.929         	5.728979e-01	4.583200e-01	1.219946e-01	6.338952e-01	-5.119006e-01
0.93          	5.730177e-01	4.584149e-01	1.220020e-01	6.340187e-01	-5.120168e-01
0.931         	5.731656e-01	4.585341e-01	1.220158e-01	6.341735e-01	-5.121576e-01
0.932         	5.733147e-01	4.586523e-01	1.220322e-01	6.343308e-01	-5.122986e-01
0.933         	5.734400e-01	4.587533e-01	1.220454e-01	6.344627e-01	-5.124173e-01
0.934         	5.736342e-01	4.589077e-01	1.220695e-01	6.346690e-01	-5.125994e-01
0.935         	5.738004e-01	4.590422e-01	1.220932e-01	6.348470e-01	-5.127538e-01
0.936         	5.739088e-01	4.591277e-01	1.220881e-01	6.349528e-01	-5.128648e-01
0.937         	5.740523e-01	4.592438e-01	1.221134e-01	6.351090e-01	-5.129956e-01
0.938         	5.742113e-01	4.593696e-01	1.221269e-01	6.352747e-01	-5.131479e-01
0.939         	5.743680e-01	4.594966e-01	1.221521e-01	6.354440e-01	-5.132920e-01
0.94          	5.745211e-01	4.596179e-01	1.221587e-01	6.356004e-01	-5.134417e-01
0.941         	5.746601e-01	4.597297e-01	1.221723e-01	6.357463e-01	-5.135740e-01
0.942         	5.747988e-01	4.598395e-01	1.221887e-01	6.358932e-01	-5.137045e-01
0.943         	5.749166e-01	4.599354e-01	1.221959e-01	6.360145e-01	-5.138186e-01
0.944         	5.751167e-01	4.600936e-01	1.222289e-01	6.362312e-01	-5.140022e-01
0.945         	5.752707e-01	4.602189e-01	1.221830e-01	6.363622e-01	-5.141792e-01
0.946         	5.753929e-01	4.603147e-01	1.222998e-01	6.365428e-01	-5.142430e-01
0.947         	5.755980e-01	4.604802e-01	1.221668e-01	6.366814e-01	-5.145146e-01
0.948         	5.757522e-01	4.606032e-01	1.223978e-01	6.369511e-01	-5.145534e-01
0.949         	5.759055e-01	4.607254e-01	1.221597e-01	6.369854e-01	-5.148256e-01
0.95          	5.760191e-01	4.608169e-01	1.223959e-01	6.372170e-01	-5.148211e-01
0.951         	5.762288e-01	4.609836e-01	1.222014e-01	6.373295e-01	-5.151281e-01
0.952         	5.763148e-01	4.610540e-01	1.224769e-01	6.375533e-01	-5.150764e-01
0.953         	5.764843e-01	4.611880e-01	1.222415e-01	6.376050e-01	-5.153636e-01
0.954         	5.765776e-01	4.612640e-01	1.225008e-01	6.378280e-01	-5.153272e-01
0.955         	5.768427e-01	4.614747e-01	1.223110e-01	6.379982e-01	-5.156872e-01
0.956         	5.769514e-01	4.615628e-01	1.224938e-01	6.381982e-01	-5.157045e-01
0.957         	5.771106e-01	4.616896e-01	1.223384e-01	6.382798e-01	-5.159414e-01
0.958         	5.772602e-01	4.618096e-01	1.224989e-01	6.385096e-01	-5.160107e-01
0.959         	5.774032e-01	4.619240e-01	1.223896e-01	6.385979e-01	-5.162084e-01
0.96          	5.775726e-01	4.620591e-01	1.225084e-01	6.388268e-01	-5.163184e-01
0.961         	5.776943e-01	4.621575e-01	1.224393e-01	6.389140e-01	-5.164747e-01
0.962         	5.778943e-01	4.623156e-01	1.225211e-01	6.391548e-01	-5.166337e-01
0.963         	5.779827e-01	4.623890e-01	1.224851e-01	6.392253e-01	-5.167402e-01
0.964         	5.782373e-01	4.625901e-01	1.225420e-01	6.395083e-01	-5.169663e-01
0.965         	5.782544e-01	4.626075e-01	1.225154e-01	6.395121e-01	-5.169967e-01
0.966         	5.785381e-01	4.628284e-01	1.225691e-01	6.398227e-01	-5.172536e-01
0.967         	5.785288e-01	4.628280e-01	1.225426e-01	6.398001e-01	-5.172575e-01
0.968         	5.788575e-01	4.630827e-01	1.226024e-01	6.401587e-01	-5.175563e-01
0.969         	5.788164e-01	4.630591e-01	1.225739e-01	6.401034e-01	-5.175295e-01
0.97          	5.791355e-01	4.633039e-01	1.226449e-01	6.404579e-01	-5.178130e-01
0.971         	5.791343e-01	4.633147e-01	1.226070e-01	6.404378e-01	-5.178307e-01
0.972         	5.794730e-01	4.635742e-01	1.226634e-01	6.408047e-01	-5.181413e-01
0.973         	5.794376e-01	4.635570e-01	1.226341e-01	6.407546e-01	-5.181206e-01
0.974         	5.797801e-01	4.638201e-01	1.226936e-01	6.411269e-01	-5.184333e-01
0.975         	5.797408e-01	4.637995e-01	1.226640e-01	6.410729e-01	-5.184088e-01
0.976         	5.800894e-01	4.640673e-01	1.227275e-01	6.414532e-01	-5.187257e-01
0.977         	5.800480e-01	4.640451e-01	1.226974e-01	6.413967e-01	-5.186993e-01
0.978         	5.803786e-01	4.642996e-01	1.227572e-01	6.417572e-01	-5.190001e-01
0.979         	5.803312e-01	4.642720e-01	1.227188e-01	6.416906e-01	-5.189718e-01
0.98          	5.806517e-01	4.645163e-01	1.227846e-01	6.420440e-01	-5.192594e-01
0.981         	5.806534e-01	4.645291e-01	1.227622e-01	6.420345e-01	-5.192723e-01
0.982         	5.810185e-01	4.648117e-01	1.228280e-01	6.424325e-01	-5.196045e-01
0.983         	5.809537e-01	4.647703e-01	1.227886e-01	6.423480e-01	-5.195594e-01
0.984         	5.813020e-01	4.650372e-01	1.228449e-01	6.427244e-01	-5.198795e-01
0.985         	5.812540e-01	4.650100e-01	1.228074e-01	6.426577e-01	-5.198503e-01
0.986         	5.815954e-01	4.652721e-01	1.228305e-01	6.430107e-01	-5.201802e-01
0.987         	5.815634e-01	4.652575e-01	1.228575e-01	6.429921e-01	-5.201347e-01
0.988         	5.819205e-01	4.655322e-01	1.229225e-01	6.433818e-01	-5.204593e-01
0.989         	5.818661e-01	4.654999e-01	1.228869e-01	6.433096e-01	-5.204227e-01
0.99          	5.822139e-01	4.657666e-01	1.229457e-01	6.436868e-01	-5.207410e-01
0.991         	5.821727e-01	4.657450e-01	1.229130e-01	6.436292e-01	-5.207162e-01
0.992         	5.825443e-01	4.660313e-01	1.229875e-01	6.440380e-01	-5.210505e-01
0.993         	5.824774e-01	4.659894e-01	1.229401e-01	6.439474e-01	-5.210073e-01
0.994         	5.828623e-01	4.662842e-01	1.230114e-01	6.443680e-01	-5.213566e-01
0.995         	5.827665e-01	4.662199e-01	1.229574e-01	6.442452e-01	-5.212878e-01
0.996         	5.831074e-01	4.664819e-01	1.229897e-01	6.446023e-01	-5.216126e-01
0.997         	5.830705e-01	4.664633e-01	1.229996e-01	6.445703e-01	-5.215707e-01
0.998         	5.834188e-01	4.667308e-01	1.230586e-01	6.449480e-01	-5.218895e-01
0.999         	5.833852e-01	4.667156e-01	1.230313e-01	6.449008e-01	-5.218696e-01
1             	5.837188e-01	4.669707e-01	1.230858e-01	6.452616e-01	-5.221759e-01
